3.907397798783836151e+01
3.967496702793469865e+01
4.147358910980845792e+01
4.257181760603388909e+01
4.217390058476173920e+01
4.097348396043737750e+01
4.227319236767537092e+01
3.827479473930163323e+01
4.177230099965333920e+01
4.327228724991470443e+01
3.877452176255773963e+01
3.817461737630610230e+01
4.127421445218575968e+01
3.947327458580562620e+01
4.247313530642479407e+01
3.927292865551756762e+01
4.437308291952893313e+01
3.857707270969508784e+01
4.897024775201543889e+01
4.127445176501597501e+01
3.847286235732667592e+01
3.687645938519726485e+01
4.407031317753821043e+01
3.737547585363497404e+01
4.017502783857624848e+01
4.327255366656691393e+01
4.057444143267262149e+01
3.777413583638799821e+01
3.877301227554691820e+01
4.777266402402285195e+01
4.107244805992688441e+01
3.837229403658006532e+01
4.227320463416324259e+01
4.536965542014176833e+01
4.557285593059059892e+01
3.847590999281700164e+01
4.037411373917996116e+01
4.277210256694095847e+01
4.557251907314902439e+01
4.577181441380629678e+01
4.007233699707082764e+01
5.086815690034324433e+01
4.057316552151113598e+01
4.677190255567809629e+01
4.507167817411997390e+01
4.577083980176664824e+01
3.937393379036692664e+01
4.487164258626690838e+01
4.577240573382059807e+01
4.567391470301791401e+01
4.137356623566645908e+01
4.497048486859052474e+01
4.077573107639925354e+01
3.967363389273170782e+01
4.317184767812298674e+01
3.787495218438845512e+01
4.277187785387030772e+01
4.227416904958111843e+01
4.836976163194289313e+01
4.117199942375779642e+01
3.717481411870107166e+01
4.537226758881237032e+01
4.466954608867239784e+01
4.157325854705399593e+01
3.877218990869197768e+01
4.836824805874262978e+01
4.187549908146569067e+01
4.277351332715299037e+01
4.547081357410282720e+01
4.347234823673345261e+01
4.686942276696053966e+01
4.087316835500019607e+01
4.946917841388533077e+01
4.687192563413010049e+01
4.497140934923824318e+01
4.446869535893463166e+01
4.636802522986321407e+01
4.496901574812138591e+01
4.676651909462582068e+01
4.366969503563465338e+01
4.757133466677584721e+01
4.346917693685463036e+01
4.647104128303838877e+01
4.646913636810305093e+01
4.786667266458386649e+01
4.896967173006608220e+01
5.196569653932831301e+01
4.587050291164819527e+01
5.076670564145730680e+01
4.876729118310444022e+01
4.557177259276899406e+01
4.737168389499528587e+01
4.267056167686919110e+01
3.797385281722127814e+01
4.637027573039858197e+01
4.606872014087885958e+01
4.816646034584024250e+01
5.096943190657243861e+01
4.697183943840975928e+01
4.567216375839431919e+01
4.927012140598166923e+01
6.066432059480498395e+01
4.977060655190435057e+01
4.206917659838483559e+01
4.967067088912567385e+01
4.666991310904653290e+01
4.777130603786113028e+01
4.666960224336850160e+01
4.747095997863804939e+01
5.316425572170758329e+01
4.996469587443903748e+01
4.776805902417881811e+01
4.896634118590313989e+01
5.336439606155899185e+01
5.056866876520565768e+01
4.706719478309669569e+01
5.246626523497019434e+01
5.446684989514621833e+01
4.666993791365185018e+01
5.656709980716534858e+01
5.006618636553635326e+01
4.976897698816374316e+01
4.716923874725483756e+01
5.106941887451360174e+01
4.966786105582194466e+01
4.797098604052654025e+01
5.586314998490954764e+01
5.266904048844545372e+01
4.786808515429872557e+01
5.456380751163779763e+01
4.896752925364894793e+01
5.136607772005169181e+01
5.546421549900706083e+01
5.026614752298478095e+01
5.776627044709797332e+01
5.456389018485375431e+01
5.906312120131055110e+01
4.766621473042872026e+01
5.566338352334671669e+01
5.716608755270014797e+01
5.806567471758595644e+01
5.866237081513405371e+01
5.256555888148053413e+01
5.096956785445750171e+01
5.726517806366874908e+01
5.686313410738044638e+01
5.796355465954255948e+01
5.106521903568467735e+01
5.566424716676495876e+01
5.166445617348297503e+01
6.715918666520710190e+01
5.956014031066001735e+01
6.755955732917017542e+01
5.466315580960110765e+01
4.826801458259339483e+01
6.386001137339123801e+01
5.666401176280965046e+01
6.275997333154374758e+01
6.296299165415886279e+01
6.166301537508057606e+01
6.205987922456210981e+01
6.156196395192088033e+01
5.246571697460613137e+01
6.406138656881377358e+01
5.756342590374482882e+01
6.066146190371485147e+01
5.946381702124703850e+01
6.715627950127948509e+01
5.636338382837671190e+01
6.705388951144320231e+01
6.515938205299300989e+01
6.086114121973840696e+01
5.366388078383920401e+01
6.705830152600341876e+01
5.636416091766683678e+01
6.255949762059712072e+01
5.966195825758150306e+01
6.165885703260619266e+01
5.026496159347244941e+01
6.325924452569218204e+01
7.105669242447596901e+01
6.895628702829003487e+01
7.405699482045665150e+01
6.745638575000090498e+01
6.635620157442505729e+01
7.275686755869887179e+01
6.935917952979093570e+01
6.025850583048664788e+01
6.615633054754059117e+01
6.105725305443323947e+01
6.615771349675458168e+01
6.835344698405182839e+01
6.705592657233779619e+01
7.445452520622596637e+01
6.985680321767031842e+01
6.755705346147854584e+01
6.905395049038232003e+01
6.165578641889739231e+01
6.375619847641537774e+01
7.015660333026113449e+01
6.475743248831533094e+01
7.465115960679999318e+01
6.845495497617767455e+01
6.545650362220654017e+01
7.345114178013119499e+01
6.535756542147774439e+01
6.635180109872290188e+01
7.015212169718579105e+01
7.345299366724421475e+01
7.244807388832332151e+01
7.774803623594893054e+01
7.935219092506784477e+01
7.045425257422324705e+01
7.924845702139724324e+01
8.564920704474636182e+01
7.525304865170711821e+01
8.144674057418305324e+01
8.194953696341222837e+01
7.345163938780378032e+01
7.764980586611059721e+01
8.104503279388957537e+01
7.975053949306074230e+01
8.134835910828738292e+01
8.614459125149309671e+01
8.314652648956720782e+01
9.034001351098750376e+01
7.265333795578111165e+01
8.744144283532243378e+01
9.084224399375217729e+01
8.864041196235372411e+01
8.854576610794842395e+01
7.995175673770110336e+01
7.105169711993913495e+01
8.174702348207212310e+01
8.664421520919066211e+01
6.994867416095607382e+01
9.164154983994220061e+01
8.484261841876605104e+01
8.934819243215100926e+01
8.794419905130757797e+01
9.424007249500104422e+01
9.434236220874564083e+01
1.040362101357625306e+02
8.884179803659976926e+01
8.644156882780426088e+01
8.764096699922625078e+01
9.394057259124912207e+01
9.003971821326403813e+01
9.593874919876438412e+01
8.794288498518946540e+01
9.783056733821281625e+01
9.553557543308829736e+01
9.653378586028800612e+01
9.284598611770866228e+01
1.001361515667144317e+02
1.102325488286271593e+02
1.067335822822736588e+02
9.203574132546035003e+01
1.163258798022757645e+02
9.493802101837920304e+01
9.343810858030332156e+01
9.033879257539774699e+01
9.683446095157367495e+01
8.864071235065829057e+01
8.524042001866158103e+01
1.113353943708255258e+02
1.103281201667757898e+02
1.063350748164958333e+02
1.101310924794338746e+02
9.304120006018214895e+01
1.192242223321838708e+02
1.184233024402535648e+02
9.443270013986332856e+01
1.123239196249337510e+02
1.051331495014855761e+02
1.130247297931892092e+02
1.053279547337098165e+02
1.093300989849388571e+02
9.753149944312278308e+01
1.160259925704397119e+02
1.270113801804053111e+02
1.190207833825126755e+02
1.044275506556642483e+02
1.080282773242011700e+02
1.148237722329620283e+02
1.298152892287208715e+02
1.368216835955647639e+02
1.203233399957070162e+02
1.236226802618966332e+02
1.179215105020562078e+02
1.220265031226858810e+02
1.023283344028894248e+02
1.219244280802523406e+02
1.382157130168871504e+02
1.151293992859692707e+02
1.147245839376944758e+02
1.340163657443738998e+02
1.265206247543713545e+02
1.292200982406244520e+02
1.427236307751358879e+02
1.199229897678870032e+02
1.336147066840914590e+02
1.038208451043165752e+02
1.272159408340778270e+02
1.269158577005343886e+02
1.474117624429300690e+02
1.499098002637003333e+02
1.613017062438195239e+02
1.409106044865998228e+02
1.436055229122861192e+02
1.374074884192984882e+02
1.267169244758007380e+02
1.318116072856036567e+02
1.428093857611615931e+02
1.687051578152459399e+02
1.648107074598069346e+02
1.524058454662281292e+02
1.510057849275978015e+02
1.569999893847512453e+02
1.353097477982168186e+02
1.430008157416907864e+02
1.539063482658322926e+02
1.620963812763278895e+02
1.708893246924695575e+02
1.720969212195472551e+02
1.732896025007301830e+02
1.800986182904043744e+02
1.904839057557074113e+02
1.867807549474659652e+02
1.994749251983973579e+02
1.834902732346502034e+02
2.366726777497034959e+02
2.133770303150378709e+02
2.263699104699998372e+02
1.991805130791432816e+02
2.253691926919967159e+02
2.082698976697743944e+02
2.206650614642900905e+02
2.167750713645441465e+02
2.015867927127864050e+02
2.325639221765786715e+02
2.504525202956841099e+02
2.632586202709977670e+02
1.934795026096249728e+02
2.155736696455238928e+02
2.166638626096714120e+02
2.723602816005012528e+02
2.568511241699514471e+02
2.645528617788611427e+02
2.835358119900423048e+02
2.582570999028893084e+02
3.308352988565630994e+02
2.765297094337186081e+02
3.381214123825310480e+02
2.777474834625881499e+02
3.203343881674229578e+02
4.205871671489564392e+02
3.173134192904088877e+02
3.629214451391559351e+02
3.591118839687708828e+02
3.169175096841517529e+02
3.862039920483915125e+02
3.561228781678605628e+02
4.305918873985809228e+02
2.915331432948768793e+02
3.189131194694488158e+02
3.243129625461769479e+02
2.950171977023986756e+02
3.625080279984452432e+02
3.694120677232580192e+02
4.207760577153006807e+02
3.926077979817995356e+02
4.384668369320294801e+02
4.104826741640634395e+02
4.619604184311082236e+02
4.904498985309483032e+02
3.906997501503226431e+02
4.305028699525436195e+02
3.774997428937140853e+02
3.997841902892710664e+02
4.260685895971913624e+02
4.721564555383512811e+02
4.158799723389114433e+02
4.571730963792923603e+02
4.266835155326643871e+02
4.951625113540771963e+02
4.844612332698226851e+02
4.647745155301471414e+02
5.287450622696601386e+02
4.499970210586942017e+02
4.095824253445778140e+02
4.083803551263523559e+02
4.536057859796978846e+02
5.171790625582159464e+02
5.097985104115458057e+02
4.251050418083549403e+02
5.003706032055285391e+02
3.791899946839880613e+02
4.246954215940947392e+02
4.841972920904129865e+02
3.852956671348242708e+02
3.117409432411858461e+02
3.372122246474435201e+02
3.806350030382005230e+02
4.120059409728648347e+02
4.225094414717663085e+02
4.275197348730914086e+02
4.579125154006526941e+02
4.783126930408457156e+02
3.923119519619897915e+02
3.245259244704313915e+02
3.614981422725957714e+02
2.919295257530182539e+02
3.684009979769981555e+02
3.589976162832036835e+02
3.215314134435079154e+02
3.736065518294068397e+02
3.770956553446904991e+02
3.140223131501889497e+02
3.190131255676754449e+02
3.601030304669933457e+02
4.215167006280391320e+02
4.559835753470236455e+02
4.811798475468269203e+02
2.968396407046658396e+02
2.634454900391498313e+02
3.930140187258043056e+02
3.552735278189541646e+02
3.321085198222899066e+02
3.514374475515757581e+02
2.832447901191072788e+02
3.235061919947899014e+02
3.536026119309960905e+02
4.357033407345458045e+02
4.495528985003073785e+02
4.745928871523487942e+02
3.446946447697473559e+02
3.345038695169012612e+02
4.378880749083000410e+02
3.232104703769169873e+02
3.102408762440812779e+02
4.697777891100022316e+02
4.287969944679613832e+02
5.388835030448060479e+02
4.574081267294325812e+02
3.293306547761751517e+02
4.359858840055433689e+02
2.816546872179064849e+02
2.634533645049083930e+02
3.341383914004735516e+02
3.587265804079358418e+02
3.667989334314279972e+02
2.852528951614418702e+02
3.628515752599157622e+02
3.337236083031258431e+02
4.213177246680485837e+02
3.704123795697034325e+02
3.988038006454222568e+02
3.192273749709183335e+02
3.679181073972903278e+02
3.226120120667828814e+02
4.367180237370868099e+02
4.204103652835472644e+02
4.553836424515509975e+02
4.493733139598505772e+02
3.714165683424918711e+02
4.113059393859856527e+02
4.028196993245670683e+02
2.398422670618106167e+02
3.602417551334273185e+02
3.426422469571999727e+02
2.884450037205112949e+02
2.576553375914979256e+02
2.493515418296055373e+02
2.850564742806851655e+02
2.979405947814025239e+02
2.935808405707133488e+02
2.956659441183306285e+02
3.706359881718657334e+02
3.830331232831973693e+02
2.831542520000493823e+02
2.924578725751954948e+02
3.068525098262045958e+02
2.416662159475694409e+02
3.231428561443467515e+02
3.364548004037157511e+02
4.074566975616897935e+02
4.199367642247343611e+02
3.801326912214937011e+02
3.892465354648755920e+02
3.776568797226510128e+02
3.784463195849721160e+02
4.213576001051810636e+02
3.446523404503976735e+02
1.964825727460576275e+02
2.987597286242776704e+02
2.560613077248727336e+02
2.960702451970512925e+02
3.256555719939348137e+02
3.638451983710737068e+02
4.244853469690093561e+02
2.788921258188150887e+02
2.258878735236575608e+02
2.696822472957028367e+02
3.107736319495985526e+02
2.961779022824044887e+02
3.192153954711642427e+02
3.562120397318698792e+02
3.584434139900018863e+02
2.704562922725108933e+02
2.099745726998523310e+02
2.485431066125151460e+02
3.461392678313372926e+02
2.638395772311553742e+02
2.609599624136264424e+02
3.357559099589198581e+02
2.476681714806090042e+02
2.132775393101577777e+02
2.457044317520883965e+02
2.710645510667305871e+02
3.653176122693246271e+02
3.634504587757451191e+02
2.597557960413207638e+02
3.250259179151372564e+02
2.870441642228098544e+02
2.790359602734058058e+02
2.745439979428709307e+02
3.257304255118787069e+02
3.690302457507815461e+02
2.082634051527795123e+02
1.976642838699222011e+02
2.679482246068445761e+02
3.590597726629899853e+02
3.522254130834197667e+02
3.164496249077503194e+02
2.858617100890911047e+02
2.150784800166941864e+02
2.407786538896595516e+02
2.845643834026142827e+02
3.716639825652789000e+02
3.745501257673837472e+02
2.666688401611427253e+02
1.819961298917785939e+02
2.220778745839036787e+02
1.613951176084505619e+02
1.726831518956075797e+02
2.033720424559857349e+02
2.964616773282896247e+02
3.806528905131193596e+02
3.362881853761797970e+02
2.934881275926236412e+02
3.028792491257338497e+02
2.455681516968476785e+02
2.919630501720889129e+02
2.672619619147507137e+02
3.245551937912684366e+02
3.468487754858221024e+02
2.838457419143228435e+02
2.542771020377514617e+02
2.411635941631000719e+02
3.081469610969041355e+02
3.614731263011710212e+02
4.223664094371245596e+02
3.170833547874315173e+02
3.431584691016208808e+02
2.910651776907764088e+02
3.140426192144146853e+02
3.744304015201812490e+02
2.669326621717046919e+02
2.782368000127548271e+02
2.192618324734085888e+02
2.912308090413851573e+02
3.880776461399722734e+02
4.016033571871590766e+02
3.568220915481450675e+02
3.113602063784540519e+02
3.708510101397679364e+02
3.112478749401280993e+02
3.198700034587807863e+02
2.889454902905980589e+02
2.686583201422503180e+02
2.807327434897280796e+02
3.124191210333986533e+02
3.013389659054236631e+02
1.957577735888039285e+02
2.458395193320754970e+02
3.381916806408817138e+02
2.127502459143169347e+02
1.646783038977850993e+02
1.748941617171717269e+02
1.956780058026413087e+02
2.477830235414600679e+02
3.364321145584766555e+02
2.632528423020892774e+02
2.976404531878105217e+02
2.157857663269511193e+02
2.164650546717769828e+02
1.817821787189861880e+02
1.232092995838552980e+02
1.330038215392412724e+02
2.126641875186263064e+02
1.129009853180648122e+02
1.764821321630281830e+02
1.158082509558762752e+02
1.615774555343824375e+02
1.175006825676903475e+02
1.276021534879229478e+02
1.213063951508747493e+02
1.514946294418988373e+02
1.273944049279788970e+02
1.284026326323195235e+02
1.435990519734095301e+02
2.001823527558285605e+02
2.442860223304480201e+02
2.486812825576274122e+02
2.304530327935740388e+02
2.642484738689788628e+02
2.814295447906692971e+02
2.341724804041577386e+02
2.267978610348815778e+02
2.564818764314506438e+02
3.165634983446660726e+02
2.900903054434110118e+02
3.079563619459783013e+02
2.356401906236057471e+02
2.444668712051095554e+02
2.982663586332099044e+02
2.864808001122061683e+02
2.797794376431437513e+02
2.426731504064926810e+02
2.650683239831547553e+02
2.742760363360441715e+02
3.341552371549645386e+02
3.863251607778417451e+02
4.067400576211431371e+02
3.301636659565294849e+02
3.275503147831796014e+02
3.870313658145734621e+02
3.269750378784637519e+02
3.722659032658112892e+02
4.004662958967494433e+02
2.548037434938892716e+02
2.719011122360540185e+02
2.384999572908035645e+02
1.906013690430199290e+02
2.093930807315422555e+02
2.323817397827181708e+02
1.604970416841424310e+02
1.776935349121440879e+02
2.235744620164622916e+02
2.736637493563581529e+02
2.657808720965267639e+02
2.830818504477115312e+02
2.841880757063692045e+02
3.695727074365090061e+02
2.456844052189918273e+02
2.417934414544021706e+02
2.500797001365003780e+02
2.546948108056533329e+02
2.576861796639662430e+02
2.858806399545653107e+02
3.551661709704934538e+02
2.015996433585315231e+02
1.074280944972688729e+02
1.423246735210296379e+02
1.989141056463248276e+02
2.492108974342129954e+02
1.829233370998488510e+02
1.643146589303784424e+02
1.849032130964185399e+02
1.822042017003687704e+02
2.007891414991312899e+02
1.436086568420594745e+02
1.003294498544619557e+02
9.982775815827150723e+01
8.862943512824286074e+01
1.304141136210432137e+02
1.423132036830054972e+02
1.700122314260395626e+02
1.746060787146118685e+02
1.913042442470415949e+02
2.579798979666488776e+02
2.272874377843899367e+02
2.169846517103171095e+02
2.076958956006814390e+02
2.358951449347792391e+02
1.831117866807754808e+02
2.093050311507471974e+02
1.051233065895281271e+02
1.027251398620556273e+02
1.295121397229471825e+02
1.150145817195224538e+02
1.039239234766826030e+02
1.181107596283810892e+02
1.003240885756030423e+02
1.033235040232185327e+02
1.048199327910286627e+02
8.652797787857578271e+01
9.942197918440427884e+01
1.211157740490442905e+02
1.356033439601267787e+02
1.222097817919719773e+02
1.044207683331057694e+02
1.733980454383323320e+02
1.577014251776681135e+02
1.397058403231565933e+02
1.158123560123845266e+02
1.410172745975226576e+02
1.569968515094633403e+02
1.085160561224848834e+02
1.952723646792570378e+02
2.042750015037878768e+02
1.116268299803536763e+02
1.263232160135587065e+02
2.065025330888521182e+02
2.589956645005558471e+02
2.315972653825810426e+02
2.613753547146702658e+02
2.986897046634858839e+02
3.284929642097737315e+02
2.997116321658396600e+02
3.166008489504351360e+02
3.342909885307976197e+02
3.905879146436543010e+02
4.027873002349971330e+02
2.696999035980680901e+02
2.867796360270446030e+02
3.433845708232662446e+02
2.812761454849277243e+02
2.673980391908474985e+02
2.678983895293658861e+02
2.702941304315304478e+02
2.346021892640970350e+02
2.440050379118893034e+02
2.770719817679539005e+02
2.825889202618531044e+02
2.837672635049733572e+02
3.116783428096005082e+02
2.529771523233281130e+02
2.643738846748623814e+02
1.448064021644449326e+02
1.960838389614845028e+02
2.490785233002119128e+02
8.843891759841987721e+01
1.070324110361846550e+02
1.121283201425311091e+02
1.422253331409429506e+02
1.121371893806284561e+02
1.286297873980280997e+02
1.722975347642392023e+02
1.523048406227058535e+02
1.415079892532032204e+02
1.644068828841635082e+02
1.656015242965728191e+02
1.529000866907851162e+02
1.820873107187738640e+02
1.411125096005303590e+02
1.459034174966863588e+02
2.460980548842883309e+02
2.573779327817832154e+02
3.028886427891333710e+02
2.978513228342878847e+02
2.923878891771885833e+02
2.185941325930067762e+02
2.581060505310848612e+02
2.464037987739690720e+02
2.537107595737521990e+02
2.881790912777572089e+02
2.996867685557791674e+02
2.681854915203621204e+02
2.370026659750566864e+02
2.428090755095948623e+02
2.509124197783066279e+02
2.010115726728455172e+02
1.854075917204112613e+02
1.732088888780580760e+02
1.655101208777685144e+02
1.532950625357988486e+02
1.727142044103076444e+02
1.472027778393529047e+02
1.414030021726144355e+02
2.019898226677354955e+02
2.166837400502511741e+02
2.538090593314349519e+02
2.057182165866178423e+02
1.926215823609732922e+02
1.668326685075755620e+02
1.984216908415182274e+02
1.761034931769834486e+02
1.499076442978493446e+02
1.235116470023192079e+02
1.692025366696372828e+02
1.742969596204653158e+02
1.810127697500769557e+02
1.691994807003268591e+02
1.175071738876793432e+02
1.040170744365836555e+02
1.448928996588188056e+02
1.164041898307533813e+02
1.016110184002493355e+02
8.392104520513076693e+01
1.038087272593889310e+02
1.180995991203988353e+02
1.369954675929789403e+02
1.560926262198780137e+02
1.652962451037992935e+02
1.862766551153478645e+02
2.158778900773862119e+02
1.874769181075481583e+02
1.753061000287230513e+02
2.248944318485808651e+02
2.035943905045257907e+02
1.964969829687858578e+02
2.026000149501497276e+02
2.087984117187911579e+02
2.019946754422777246e+02
2.063046941102524272e+02
2.104950272022900606e+02
2.124064907412285663e+02
2.280758826730595104e+02
2.668361831867990759e+02
2.341487532163529579e+02
2.785469931186037229e+02
3.335202868543890986e+02
2.360651750440398189e+02
1.500885300526346668e+02
1.517888676167939934e+02
1.721775993929636002e+02
1.785561244723326695e+02
1.028143303136215536e+02
1.449952955754249615e+02
1.655892806320698014e+02
2.059739784392899651e+02
2.161526737211206068e+02
1.736824466589064286e+02
1.940950291679774296e+02
2.005992865434384100e+02
1.884744229826769129e+02
1.597980753098563014e+02
1.883757773783392224e+02
2.078651491027527811e+02
2.090746334533498043e+02
2.178644277605729656e+02
2.588629922976044213e+02
2.387949536842377256e+02
1.667143578808118605e+02
7.354108078503199408e+01
8.613828750651408939e+01
1.780097301034886357e+02
1.404185948148063119e+02
8.233458778695754177e+01
8.123625092739185050e+01
1.142130034078791141e+02
1.528060919864794016e+02
1.237221883219094423e+02
1.738103963480954803e+02
2.026227562168270993e+02
2.273062645009602534e+02
2.093200416513153073e+02
1.955247287354694663e+02
1.881176786332399331e+02
1.975011966331059909e+02
2.127997116953585248e+02
2.471919147712164033e+02
2.428800616682497093e+02
1.995982601333471393e+02
2.174587140126482723e+02
2.012725807275604097e+02
1.994845108844203878e+02
1.290202063310557605e+02
1.631057420179032249e+02
1.603133054721053554e+02
1.590104859976453895e+02
1.605040298889690291e+02
1.502986352018734806e+02
1.429061343624345284e+02
1.090215236800338516e+02
9.953098470838324374e+01
1.148256862299039796e+02
1.243251145668404831e+02
1.284175130804375158e+02
1.030328242177070024e+02
1.154354061933523496e+02
1.143366913178471123e+02
1.169374208807749085e+02
1.184249870183842148e+02
1.042360994550340791e+02
1.203325762536140644e+02
1.246247824841854452e+02
9.883255834082089564e+01
9.833048648791364599e+01
1.248215056026319445e+02
9.603213161791231300e+01
1.076267478363331946e+02
1.329220279415962409e+02
1.100256893660139639e+02
1.316203484812430702e+02
1.391191526043024567e+02
1.570112311579732705e+02
1.574234739631972104e+02
1.469112196922556564e+02
1.874849561843132335e+02
1.716955329997434490e+02
2.041638521095254362e+02
2.611342398756889907e+02
1.675990323275229912e+02
1.802935201796395006e+02
2.449817505842094363e+02
2.440708914475821985e+02
1.373207170863632598e+02
1.374150482263289064e+02
1.620073344008724234e+02
1.651125946684052224e+02
1.676096761859825506e+02
1.589054536733186751e+02
1.673063891573373780e+02
1.877937949313987076e+02
1.930900744571436860e+02
1.843751973790422483e+02
2.024802411817732377e+02
2.074814920007126204e+02
2.083742649539400986e+02
3.149335600927585119e+02
3.311590375192216698e+02
3.160530751984883864e+02
3.010662785531076793e+02
2.339599928793124946e+02
1.970755482345622909e+02
1.971873892833370121e+02
2.137731574729581041e+02
1.986756590589216955e+02
2.172649099369085945e+02
2.529681661172035945e+02
2.475598650573333543e+02
2.277629953782524694e+02
2.777520575583778282e+02
2.542668590649795988e+02
1.781917403954358292e+02
1.978853056417356697e+02
2.009703597764540746e+02
2.148762694650129106e+02
1.886933946866562337e+02
2.105684680002408129e+02
2.243703068397703646e+02
2.179929099673329915e+02
1.889826212331101374e+02
1.657970893663012362e+02
1.899808719342590280e+02
1.729894643302822885e+02
1.736864065311053196e+02
2.284463384855048957e+02
2.328470203149199733e+02
2.014665089062760330e+02
2.211505470234652933e+02
2.196624941093530197e+02
2.270623779360579988e+02
2.081492248375555789e+02
2.299448219303895655e+02
1.985635640527883652e+02
1.794830381239616486e+02
1.760807231166860447e+02
2.476563125814883790e+02
2.067683027121174177e+02
1.993751980571983893e+02
1.899807735461381526e+02
1.716933830551135145e+02
2.547697654391279798e+02
2.127634436291747875e+02
3.181571922417099927e+02
2.820672859683290881e+02
2.122646039677109400e+02
1.946692947459573588e+02
2.056753015868831369e+02
1.566019771821521829e+02
1.514964986810610696e+02
1.668980082864753740e+02
1.203097805878405495e+02
1.236146244648522270e+02
1.553882881007428409e+02
1.696014950199975431e+02
1.696059446586581601e+02
1.326139701002935851e+02
1.483047442932527815e+02
1.019217867591983975e+02
8.232100970264173156e+01
7.953097084863188115e+01
7.233891625334170783e+01
6.684137082217242209e+01
8.313152996049464605e+01
8.972259793750697554e+01
8.722674401834254354e+01
9.242099387592588755e+01
1.136987662072855301e+02
1.491801631400347503e+02
1.856631890031094656e+02
1.130093947545376096e+02
1.336004894903243780e+02
1.455922776828177234e+02
1.061063094686308261e+02
1.275006216420421197e+02
