7.855224423011175361e+01
8.065078779312845825e+01
1.008360849102298999e+02
8.484594639467292154e+01
8.374641721811387640e+01
8.994107614798163297e+01
8.894945829235693679e+01
8.804016731508417593e+01
9.163871072590708877e+01
9.844156583227972135e+01
1.011391856750222757e+02
8.904474292617430820e+01
1.001462478096863720e+02
8.334528096446192080e+01
8.244093159323573161e+01
9.533778547996999464e+01
8.094869707142561310e+01
1.018455025101066553e+02
9.574067419536132206e+01
8.474136728521223461e+01
8.994374274908699363e+01
9.214049182763565682e+01
9.664013038566680791e+01
9.514115656961411105e+01
9.354354433157945437e+01
1.039350176069181941e+02
1.019421323705160489e+02
8.724245171017605571e+01
9.923362856651694131e+01
1.028382789906367663e+02
1.073383588833085440e+02
9.314297082440515396e+01
8.943828073442148252e+01
8.804508270428186734e+01
9.893198095856008933e+01
1.052360310823195704e+02
9.423934987983010103e+01
1.001388258043644726e+02
8.624865856261116903e+01
1.086327042754189307e+02
1.070375888805170916e+02
1.061312677379694378e+02
9.504171722570343661e+01
8.474164169035100258e+01
1.155338025356007563e+02
9.874097766012492627e+01
1.032383815504615541e+02
1.085347508657384168e+02
1.049406883829965693e+02
1.092312060843134560e+02
1.257252744011858283e+02
9.913531204629140348e+01
1.131339576811409700e+02
1.188354686906832001e+02
9.973927126255911446e+01
1.104339658487546529e+02
1.120308400281112000e+02
1.183317688680089503e+02
1.096344170378642531e+02
9.573302867102225377e+01
1.022354132430469633e+02
1.181302640040651113e+02
1.205240037287357637e+02
1.041370938794433840e+02
1.123328205498603722e+02
9.613985823254169816e+01
1.226185564300749604e+02
9.443831475451831636e+01
1.171339834413458618e+02
1.123229012801174633e+02
1.114352590270014645e+02
1.045311356421355242e+02
1.144299126061901433e+02
1.020342895740327833e+02
1.309169340849424259e+02
1.264187590669717736e+02
1.050326428956896336e+02
1.058309156758257643e+02
1.044299402930790137e+02
1.403226171995760012e+02
1.231180255103591463e+02
1.340138095794636115e+02
1.199233470946996221e+02
1.370263616837076768e+02
1.232213150790243219e+02
1.399216428624901880e+02
1.114251078179448058e+02
1.192205117882146652e+02
1.141265480511074486e+02
1.228198905874475741e+02
1.293279342687583551e+02
1.127320924334144081e+02
1.239144413629597068e+02
1.145260523963996349e+02
1.139300910037308796e+02
1.360139822716626270e+02
1.219131041011115713e+02
1.487098657467652743e+02
1.315176789455442190e+02
1.238169482697676358e+02
1.270230897030812685e+02
1.247169450821214980e+02
1.247200686800654950e+02
1.279204735316584021e+02
1.220243308422718371e+02
1.277237070287734753e+02
1.307229283446101249e+02
1.303200591712976006e+02
1.312204711275306295e+02
1.324235796285570927e+02
1.351222536887929664e+02
1.396230546053158150e+02
1.274157309593160790e+02
1.474183680793382791e+02
1.339174016465224781e+02
1.283124883839645349e+02
1.302219497127214538e+02
1.348221600179498409e+02
1.289123194106339270e+02
1.564113405476372805e+02
1.532093701477606942e+02
1.327179088068013755e+02
1.668063349125717991e+02
1.485108865221455687e+02
1.308176168712172398e+02
1.328190494579827430e+02
1.563041569284185641e+02
1.716954626018613794e+02
1.389143775629582365e+02
1.366147185716545778e+02
1.591021520586957365e+02
1.622069869921843406e+02
1.388114291935891345e+02
1.212171577308511417e+02
1.461064228108719476e+02
1.746965344732078620e+02
1.581014384519996270e+02
1.462062179659428125e+02
1.821964900856497138e+02
1.553090020442576815e+02
1.595039310043265743e+02
1.412073243406148890e+02
1.576035932472302932e+02
1.450056280162142457e+02
1.657033224190261933e+02
1.717074071886862043e+02
1.511099926748877067e+02
1.479039933190489080e+02
1.766893619045639241e+02
1.807895927767019373e+02
1.497074021774728010e+02
1.574986607195977228e+02
1.684995123058022841e+02
1.846901297668222526e+02
1.658965302010554410e+02
1.867881951367718898e+02
1.815925179695575196e+02
1.453181131375771997e+02
1.757922626262425183e+02
1.680943398531532580e+02
2.017766292056587076e+02
1.600966391117317471e+02
2.024870084896509184e+02
1.709039528675975248e+02
2.054888125039653062e+02
1.751937320500138071e+02
1.940938619834337260e+02
2.274792969836120733e+02
1.935918502608119525e+02
2.029808875711356677e+02
2.068919556895622520e+02
2.000805889992383015e+02
2.046791593570319492e+02
1.954775120962135588e+02
2.089833656449854402e+02
2.097780217615911056e+02
2.263688605401663096e+02
2.145766487181838897e+02
2.264740121655049165e+02
2.272720758138176791e+02
2.061827077916808832e+02
2.289707791670241477e+02
2.345702591363544229e+02
2.576539163606375382e+02
2.575520602840561537e+02
2.633547094399390289e+02
2.272683198945428558e+02
2.443670564406800167e+02
2.640568574041262764e+02
2.735541866596340128e+02
2.575559679551880663e+02
3.063467471027684041e+02
2.519608257995298572e+02
3.079405221961479242e+02
3.071391371851171925e+02
2.985441523677210967e+02
2.773488405419308265e+02
2.712571258104485423e+02
3.057442414857418953e+02
3.432337894386296853e+02
2.816440725404695513e+02
3.411364140643742076e+02
3.343257500507005489e+02
3.154381164485863565e+02
2.951357865963277618e+02
3.319368207184165840e+02
3.861111491428256954e+02
3.316288905660796331e+02
3.507213674613112175e+02
3.773103260149899825e+02
4.277946208189711683e+02
3.668179872336119161e+02
3.367344659743173452e+02
4.132094778675170232e+02
3.869132452904630100e+02
3.937092007395418705e+02
4.059090260742165128e+02
4.276034811397948943e+02
4.414936069777906482e+02
4.262001817214798507e+02
3.969073109237347694e+02
4.130990698896447384e+02
4.260950155050425678e+02
4.286024476352379793e+02
4.311763577273381998e+02
4.823768536189507472e+02
4.621978656858306067e+02
4.594901774934449463e+02
4.787854784525982836e+02
5.016647236878857257e+02
5.113567961438989187e+02
4.888698737017913913e+02
4.793843700494027189e+02
5.039854409310675010e+02
4.831747028153019414e+02
5.264920768883287110e+02
4.962758158301107869e+02
5.230632602124485402e+02
5.707544000681135685e+02
5.089607842710623800e+02
5.915509133186030795e+02
5.809644610200215311e+02
5.237760111449474607e+02
4.814714006060995644e+02
5.701603850754430596e+02
5.029851117950420303e+02
5.757467131311948378e+02
4.941882813217386001e+02
5.860390212633758438e+02
5.464559172694982863e+02
5.708667387120057128e+02
5.366571813268095639e+02
5.637618003751132392e+02
5.561732481139672473e+02
5.919311951330689681e+02
4.540834141850515380e+02
5.040740901650243586e+02
5.927598456547905243e+02
5.866468205949962567e+02
6.336362302058269051e+02
6.894461254566874686e+02
5.983573135487256422e+02
6.072554608202101463e+02
5.704598134879538520e+02
5.795492171580825698e+02
5.142815801995253651e+02
6.567277923505223498e+02
6.446258277740814719e+02
5.484579581630118810e+02
5.988455291097977806e+02
6.371431821330692173e+02
6.278423516488931000e+02
6.609336807852896527e+02
6.111565196254559851e+02
6.272411041629444526e+02
5.887541899003412027e+02
6.373471365961501078e+02
5.938517522448097452e+02
6.228602999596719201e+02
6.056590624140239925e+02
6.372436361453613927e+02
6.050494150154797808e+02
6.507283852352483109e+02
5.931426975281135583e+02
6.394356223767546226e+02
5.880485280449264565e+02
6.193589820631264047e+02
6.790462594634554989e+02
6.081369871742251689e+02
6.822188677933386316e+02
6.434600655331571488e+02
6.831153778506769640e+02
6.728466399588063496e+02
6.482436269010571550e+02
6.577413444994551810e+02
6.719382722937282324e+02
6.402457886224181038e+02
6.467300411298926974e+02
5.786590281275763346e+02
6.214590535666814048e+02
6.045516711610565608e+02
7.046472401060607353e+02
7.456174561189677661e+02
7.052435599851467032e+02
7.067291225049814329e+02
6.621333868620409930e+02
6.587308217112251896e+02
5.991494662615712059e+02
5.846515371192936072e+02
6.518419687336146353e+02
6.417319389141964621e+02
6.024730697142832696e+02
6.800310699796111749e+02
7.228315145575355700e+02
6.358507905016228960e+02
7.218158622900946284e+02
7.099336788849143431e+02
6.340415076455403778e+02
6.555497253563258937e+02
6.419487146143281961e+02
6.299389891367884502e+02
6.281523304011158189e+02
6.937475964025692292e+02
6.618480688907250169e+02
6.093581838353449029e+02
6.198502379225610639e+02
6.767513512667306941e+02
6.413478028782884621e+02
6.908532078346685239e+02
6.497486235864228092e+02
6.913375224153935505e+02
7.581270659038021904e+02
7.382347250229341853e+02
7.693207574006365803e+02
7.520055761445612461e+02
7.474270691806013929e+02
6.572201037862230351e+02
7.307268764324097674e+02
6.802434285759954946e+02
6.423437616222497581e+02
7.135241928087312999e+02
7.155242204287852701e+02
6.420580656997051392e+02
7.050153553966995332e+02
7.122414079981704162e+02
7.021399916943867083e+02
7.278309854564738544e+02
6.637510087865092601e+02
6.730397143771749597e+02
6.652356892923070291e+02
6.572334304718021940e+02
6.248710343201786372e+02
6.134535888957768748e+02
6.269404198560129089e+02
6.176617983723647285e+02
7.268323886485611638e+02
6.418304347295219259e+02
6.525353089992793230e+02
6.186546828637027602e+02
6.677531712825436898e+02
7.034360319958771015e+02
7.033453272181075135e+02
7.402145037772751266e+02
7.044359826142645034e+02
6.711533156290017814e+02
6.575524384487862335e+02
7.145298470995102207e+02
6.924351082883159734e+02
6.709462294544565566e+02
7.304029430514563046e+02
7.603138402557221980e+02
7.317094205209352822e+02
7.296120368280883213e+02
6.777447426352155162e+02
6.886355873589410521e+02
7.351222522318479378e+02
7.497242132109763588e+02
6.566513620843079480e+02
7.162601547342967478e+02
7.438485455098758621e+02
7.564177892530822191e+02
6.841427101142948004e+02
7.822178055768511058e+02
7.825039214404517907e+02
8.361000698854222719e+02
7.639181504001334133e+02
7.747089403191671408e+02
7.933331300467673373e+02
7.489215191652804151e+02
8.067990720673044507e+02
8.283913230156834970e+02
7.347333985092984676e+02
7.563052955034670504e+02
7.374239338848720990e+02
7.497219733928561709e+02
6.776259474669362817e+02
5.935599516905529072e+02
6.302586420702571104e+02
6.575536095950860727e+02
7.360259005818732021e+02
7.843139498631811648e+02
6.999290237015364937e+02
6.734347287404644931e+02
7.391134160949452507e+02
7.271324050855912446e+02
6.022615944138315172e+02
6.883276082228305768e+02
6.693361676055709495e+02
6.838231227377299319e+02
7.116203477366419747e+02
6.685398204832433748e+02
7.627232144781499983e+02
7.524074769596817305e+02
7.144377850684796840e+02
7.927267065589377353e+02
7.691385831869598633e+02
7.491237981154883983e+02
8.577215578955285764e+02
8.322099435503203040e+02
8.247081560057928300e+02
7.815847977380688008e+02
7.059451220178149242e+02
7.577335450588658432e+02
6.722350993834681958e+02
7.078127435593223709e+02
6.854486779029663239e+02
7.940414856098195742e+02
7.742338363910635053e+02
7.663244901623277201e+02
8.163087651670907690e+02
7.999054382464544233e+02
8.274045173997170650e+02
7.481261473863921765e+02
7.971945643798105721e+02
6.888412936968901477e+02
7.062399481657403157e+02
7.374321671541570140e+02
7.668126185717214867e+02
7.275168111552258097e+02
6.901340211626842347e+02
7.521002914741000041e+02
7.325060210437060277e+02
8.021160922930455399e+02
7.307349194148232527e+02
7.499204832102161618e+02
7.855446580470130584e+02
7.958241860426883250e+02
8.246069280052959130e+02
7.345210476897319722e+02
7.163148824772368926e+02
7.021020685637028009e+02
7.127188931260263871e+02
5.977487205641873516e+02
6.648434946256903686e+02
7.380269779833922712e+02
6.945213469540195774e+02
6.834345685943396802e+02
7.450115275590331976e+02
7.378210857643027794e+02
7.404190136376239479e+02
7.497177815611191818e+02
7.755115839947401355e+02
8.071033815852063071e+02
8.628810754353437460e+02
8.098141362677935149e+02
7.919114205765043835e+02
8.136029995306814726e+02
8.283912146156210383e+02
8.290057456260426534e+02
8.550902190017020530e+02
8.014185005068212604e+02
8.171234146646709178e+02
7.948228907329025787e+02
7.965095502272572503e+02
7.868363502259833240e+02
8.070198504661861989e+02
7.792280218559345712e+02
7.404146618697922122e+02
7.741260043502802546e+02
7.574276784476370494e+02
7.545197572877486891e+02
6.990303595687745428e+02
6.977348518488236095e+02
6.755214471789682875e+02
7.233397033854438405e+02
6.962300332856395926e+02
7.744081570578433684e+02
7.175239523445563918e+02
7.375239240951046895e+02
7.356086176737871938e+02
6.723411147675087705e+02
7.634207872425838559e+02
7.110377416275825908e+02
7.250394131781262104e+02
7.156204748196171295e+02
7.657295974435246535e+02
8.072027946808528895e+02
7.058279587791677159e+02
7.413270275169771821e+02
7.110221183973428651e+02
6.572296871510732217e+02
6.939255393702020456e+02
6.140474670004492737e+02
6.281486402860688258e+02
7.196123230089895060e+02
6.076502649454143921e+02
7.156340200551819635e+02
6.725178518233115028e+02
6.225445251243065741e+02
6.862178373816655039e+02
6.331506648966868624e+02
6.868454362447267840e+02
6.914371643295182821e+02
7.373277845832576531e+02
7.527072372181276023e+02
6.794267724912525637e+02
6.544421123504113211e+02
6.850397804311629670e+02
6.731312261410264455e+02
7.405285484039574158e+02
7.093273836227565425e+02
7.086340988644567460e+02
6.334512322413446554e+02
6.719555371938855615e+02
7.508264370450917795e+02
7.427169535735141608e+02
7.216128998289557330e+02
8.018170086829686625e+02
7.988078123863199380e+02
8.525003628996346379e+02
7.507178832971587781e+02
6.766437115918073459e+02
7.388287897926036294e+02
7.036176089939337999e+02
6.994448732039420520e+02
6.050445656728168160e+02
6.793177957742400395e+02
7.170225337632483615e+02
7.088475529639171100e+02
6.806589529658079982e+02
7.049214544633947526e+02
6.882559612979341637e+02
6.882593312659957974e+02
7.310287558269543524e+02
6.997437030868359216e+02
7.360219484403535262e+02
7.446320846106409590e+02
7.074287300396335922e+02
5.980516466143319576e+02
6.039393329048313035e+02
5.760266808250189570e+02
6.286421158522392716e+02
6.554346577087992500e+02
6.378366950247299201e+02
6.561217110463072686e+02
6.806254144538460196e+02
7.101299313293314981e+02
7.298404137263833036e+02
7.716224307400752878e+02
7.676191118664471560e+02
7.661329293402270650e+02
7.822389912615172989e+02
7.090603574453440388e+02
7.996171488353538734e+02
8.238192485900119664e+02
8.045338907878876853e+02
7.887055302948444933e+02
7.963079439958279409e+02
7.860999549587074853e+02
7.685087574728318032e+02
7.445362197697770625e+02
7.909170425515890201e+02
8.034014716758166514e+02
7.486175384424448112e+02
7.981807229267483308e+02
8.111143379522111445e+02
7.969095318939877188e+02
8.562919973332409427e+02
8.279127674877414620e+02
8.180075554042898602e+02
8.058048032477329343e+02
8.102948428980001836e+02
8.486823023715878662e+02
8.089977476752865186e+02
7.066243504328517702e+02
7.716061929365514516e+02
7.375049131670347151e+02
7.082068307311380977e+02
7.249270882985523485e+02
7.822997278448069665e+02
7.928933261100132768e+02
8.157060014902876901e+02
8.270154273519195840e+02
8.459099103796000918e+02
8.943973873964154109e+02
7.523223954412867442e+02
8.003063891512080090e+02
7.987031169683097005e+02
7.136464379054774554e+02
7.448362566357355945e+02
7.868306103726118863e+02
7.534314083673750702e+02
8.008113832732211677e+02
7.179468493236151971e+02
7.805238210448180780e+02
7.765340889154326760e+02
6.164625507422447299e+02
5.441703897748634517e+02
6.178539983026328173e+02
6.006616955883214359e+02
5.849561695458161239e+02
5.764579450430840097e+02
6.027430558208728826e+02
5.807536331453383127e+02
6.170559760515243397e+02
6.446455643306319416e+02
6.315614685689982934e+02
6.207764740724734338e+02
6.487494748889644143e+02
5.917680455434763189e+02
6.830627250142122193e+02
6.275535298357692682e+02
6.219745296437851039e+02
6.702613329462211595e+02
7.045565696129167463e+02
6.532842315335007015e+02
6.305730798711846319e+02
6.447739951734026818e+02
6.294778399765453969e+02
6.035757004824412206e+02
6.464828244610741876e+02
6.629650141991924102e+02
7.222522099580526174e+02
7.138414405691321463e+02
7.246406027547385520e+02
6.831467943854341911e+02
7.208208217703039509e+02
7.545229655730440754e+02
7.048165168021662339e+02
7.176451903807258077e+02
7.319474409181711962e+02
7.257469858211760538e+02
6.818550656130591960e+02
6.921434881836624982e+02
6.621350645738132243e+02
6.671506355614380936e+02
7.014520950264488874e+02
6.780629523393897671e+02
5.869620215084886468e+02
6.095703414040476673e+02
6.372715309330563969e+02
6.943366095276403485e+02
6.184509408067631284e+02
5.867716988335575934e+02
5.735578743985516894e+02
6.409439854927047691e+02
6.497625152021645363e+02
6.793584847710908434e+02
6.936481833662129475e+02
6.582750061507034616e+02
7.117292258312013473e+02
7.088270751056704739e+02
6.546597223834507986e+02
6.992406369171933420e+02
7.026642747631066186e+02
6.532547625863486473e+02
7.392385848938854451e+02
7.171449343417887121e+02
6.990629438391897565e+02
7.236461869550474830e+02
7.718392725715410734e+02
7.520518202769590062e+02
7.650441742023170946e+02
7.953367825458684592e+02
7.250512889247943349e+02
7.996243335904576952e+02
8.235246819750360601e+02
7.925170764482793402e+02
7.357405417423162817e+02
7.531196325800176510e+02
7.199117579483464624e+02
7.476199633418460735e+02
7.411421549681529086e+02
7.301366717777436861e+02
7.083449780389281614e+02
7.378240278930667273e+02
7.758268650694451480e+02
7.411399867690295196e+02
7.977179157405136039e+02
7.556303641525703370e+02
7.728046077453254838e+02
7.831109190502578485e+02
6.838238793732334670e+02
7.459924684060736126e+02
6.914383580273718053e+02
6.929203187394065253e+02
6.414499349410351670e+02
6.653364570078439328e+02
6.606388822415505047e+02
7.113303068296642095e+02
6.681385125444637652e+02
6.650420608807992267e+02
7.450080512360157172e+02
7.554994680947149845e+02
7.660256789205882342e+02
7.807012123981115792e+02
7.562051983008611842e+02
7.987040857884658180e+02
7.576507618070552326e+02
8.032260152263767168e+02
8.129147120540883407e+02
7.578288523583117922e+02
7.488528275121360593e+02
7.783097132191870742e+02
7.562377875223305637e+02
7.507310646108923038e+02
7.535251255706817801e+02
7.650265888433820010e+02
6.889472179030773304e+02
7.256426165360118148e+02
7.386160867095647973e+02
7.095437550228705277e+02
7.510395717349554161e+02
7.955242362489767629e+02
7.668357506512973032e+02
7.209174072236576194e+02
6.634532239208168676e+02
6.251494294730666752e+02
7.032304335981682470e+02
6.747419034435840786e+02
6.171572160706616614e+02
6.405452506707133580e+02
6.952318174839281255e+02
7.207266597385028035e+02
6.929462015625470030e+02
7.493232787775659745e+02
6.686520603348278655e+02
7.755228380760639766e+02
7.067310103165407327e+02
6.959369811447261327e+02
6.904403199421979025e+02
7.066301153565307231e+02
7.503359349541893835e+02
7.281228408440272233e+02
8.008968161701949384e+02
6.994356062235631271e+02
5.931516729548873172e+02
7.197244078689582238e+02
7.534015917202885930e+02
7.568013269159802121e+02
7.057227444137854491e+02
6.844509872058572455e+02
7.802087567877267702e+02
7.980192071992977390e+02
8.644165850601548300e+02
8.433239633230419940e+02
8.145242136151384784e+02
7.985307691330179978e+02
7.902177131216396901e+02
7.406183679337851800e+02
7.731924374342820556e+02
7.468201393139001993e+02
6.879501717635105251e+02
6.710654911022965052e+02
7.057484236803049953e+02
6.822638844887535470e+02
7.159504358995545772e+02
7.117452092261301004e+02
7.329559548188700546e+02
7.215174433451369396e+02
7.679241385461766640e+02
7.744311122718569322e+02
7.790227201404803736e+02
7.461322429384068755e+02
7.107483433304220171e+02
7.570361141746818703e+02
7.248430106118968297e+02
7.159594628330530668e+02
7.646415277702938056e+02
7.883197120988982078e+02
7.908403835598612659e+02
8.652171082504428341e+02
8.082116926822553751e+02
8.718951593430396088e+02
8.175049187969832474e+02
8.089077399734218261e+02
7.788150893604934026e+02
6.901461753057477608e+02
7.414221949263230727e+02
7.186347526593347084e+02
6.797407942644183549e+02
7.020301744494910281e+02
6.434613714128761330e+02
6.908540332568753684e+02
7.025373703619895878e+02
7.093570574791035597e+02
7.078523893266117284e+02
6.752520517569611229e+02
7.077299952062714965e+02
7.649176454015748732e+02
7.375239269656171928e+02
7.579201162257539863e+02
7.515308395256381573e+02
7.560203511868637634e+02
7.362051158201758199e+02
7.392059109318468018e+02
7.478268227916553315e+02
7.740512074534933618e+02
7.333405591305775033e+02
7.064381562162815271e+02
7.301476778252470012e+02
7.541296314581761635e+02
7.968177578794582132e+02
7.982151673515367065e+02
8.714946074727577070e+02
7.475336615236626585e+02
7.715244301739951425e+02
8.243256114486554225e+02
8.210087843203970124e+02
8.132024865689700164e+02
7.901275087556052767e+02
8.099056871270593092e+02
7.192257406569590330e+02
7.934401059536272669e+02
8.210224684847956951e+02
7.766225644969613313e+02
7.202527613526960977e+02
8.479392518673309951e+02
7.739346531162129850e+02
8.333115598115695093e+02
7.804351979880999579e+02
7.141316724272451211e+02
6.832528067270748124e+02
6.770524074396505512e+02
7.310208871818940679e+02
7.898248593579185126e+02
8.111277474743748144e+02
8.871088449318136782e+02
7.667099222130927956e+02
8.783933705263805223e+02
7.568109577209081635e+02
7.511282496924179668e+02
7.146227325961074257e+02
6.779274869039591067e+02
7.606115164348087774e+02
7.502188232257555001e+02
6.786326256228965121e+02
7.120230015489743209e+02
7.352058265387486244e+02
7.749966517121995366e+02
7.141176218904246298e+02
6.750271397938516884e+02
6.959202452558167806e+02
6.634310349120347610e+02
7.417079381190034155e+02
6.889504800552340384e+02
7.430163562164569839e+02
7.367163905099882868e+02
7.798822397248089828e+02
7.793098346194186661e+02
7.502537847761067269e+02
6.897285212606498135e+02
7.556151258437045044e+02
7.381351327381519241e+02
8.031060444686698929e+02
8.208135160890767565e+02
7.622507010327135504e+02
8.034220861166544410e+02
8.389281110894451103e+02
7.937267092895873475e+02
7.488300011748431189e+02
8.284245210507540378e+02
8.149246035129579013e+02
7.111489612706507160e+02
7.942451550049541993e+02
7.604284407489672049e+02
7.611228348022983710e+02
8.039099454099589366e+02
8.075955115363206005e+02
8.028041524420524411e+02
7.859040066861244895e+02
7.702085841538647628e+02
8.055039594285369731e+02
7.955018157653814797e+02
7.937108385887452187e+02
8.185146682269908069e+02
8.215035191941924495e+02
7.748221893375742866e+02
7.182364349179540568e+02
7.152470886679135447e+02
7.086359803182533597e+02
8.013977137266241471e+02
7.436228357681158059e+02
8.317805460770607624e+02
8.046052540032940215e+02
7.929983735231878654e+02
7.239206517036025161e+02
7.852160618394815401e+02
8.000097629330647351e+02
7.798013572469593555e+02
7.487203680137287165e+02
7.776102239188262502e+02
8.204962719496085128e+02
8.061334630496193085e+02
8.256172235572730642e+02
8.839908460229913771e+02
8.606056060261444145e+02
8.632885124611754009e+02
8.694993684086682606e+02
8.435775172594958349e+02
7.789275387481301323e+02
7.015358888492025926e+02
6.774290993883188321e+02
7.276169387202691041e+02
8.003744487398290630e+02
7.798023254862962403e+02
7.451999457211326217e+02
8.283712973595099811e+02
6.911086614978208900e+02
7.568093162980154602e+02
7.519965026798515737e+02
7.905838863423352905e+02
8.298812916590835584e+02
8.025937907589350289e+02
8.240723715302898427e+02
8.121716067199678264e+02
8.048881065892196602e+02
7.984043347557710604e+02
7.039377293036865240e+02
7.425211207951332426e+02
7.527147126582543706e+02
7.578242329419659882e+02
7.535290368917667365e+02
7.552124868001374125e+02
7.196216858342229443e+02
6.987365607304706145e+02
6.635527320465362209e+02
5.955526025549607994e+02
7.001261284600611816e+02
6.514535485893621853e+02
7.112240318334054336e+02
7.194484456893186461e+02
6.503469663953690088e+02
6.235268944902294379e+02
5.940538729978856054e+02
6.486360355024613682e+02
6.986314440428388934e+02
6.605159019434920538e+02
6.497272270257897162e+02
6.614455669683842416e+02
6.987187480335418286e+02
7.268224884881179833e+02
6.271484339905006209e+02
6.716071125061655493e+02
6.952159603546401740e+02
7.347889718641313266e+02
7.264901560038313164e+02
6.450151875082804054e+02
6.853161660297240587e+02
7.007217176976261044e+02
7.072969524063304334e+02
6.311272253650701032e+02
6.086496629499138180e+02
6.205414411409865352e+02
6.501340758695545219e+02
6.739357084580817627e+02
6.807363996289492434e+02
7.102254550597974685e+02
6.117681773272774990e+02
6.452470056538655854e+02
6.235622331572517396e+02
6.864431372115892600e+02
6.566430875281628232e+02
6.432223251365882106e+02
6.689462023244320790e+02
6.994216705507584493e+02
7.264210486636759470e+02
7.360169588289664944e+02
7.442221601341194628e+02
7.488124230396026633e+02
6.834251847025359439e+02
6.294589523976286500e+02
7.475105769278823118e+02
7.510132547522489403e+02
7.158341462829340571e+02
7.403172932139547129e+02
7.400380149407385488e+02
7.371236204828480822e+02
7.023413460563056105e+02
6.575387000258133412e+02
6.994283102665053775e+02
6.984380377114459861e+02
7.531982788232731991e+02
7.567148578598000768e+02
7.506176969892331954e+02
7.743202835748639927e+02
7.694071377431375822e+02
7.296207365834430902e+02
7.196052476077991287e+02
7.426927923152823041e+02
