3.525385422505702415e-01
-3.461468513900714528e-01
4.130325180263494378e-02
-6.586223344656800815e-01
-1.662074786308593843e-01
-3.894178555074326864e-01
-5.691278804399133584e-01
1.741759007638365997e-02
3.033028271605402448e-01
3.758901210726994790e-02
3.017280252751985969e-01
-2.220976799134142809e-01
-2.882751754321930537e-01
5.622461880803883982e-01
5.303498761273848228e-01
-3.065151154903256181e-01
4.427174751304654432e-01
3.802812987092500929e-01
3.612439059649730222e-01
-7.002283509643885129e-01
-5.676338821801371060e-01
9.759008710460059799e-02
-5.473477432587466884e-01
6.906694445063097376e-01
5.098706900464606839e-01
-1.356578383188380421e-01
1.004094337316402408e-01
-5.514956246860830413e-01
6.722249061161533756e-01
-5.988241576747983519e-01
1.932887899119990482e-01
5.173391307413632845e-02
0.000000000000000000e+00
0.000000000000000000e+00
0.000000000000000000e+00
0.000000000000000000e+00
0.000000000000000000e+00
0.000000000000000000e+00
0.000000000000000000e+00
0.000000000000000000e+00
5.047898069523958364e-01
-5.437984545580216711e-01
-4.075962676471454604e-01
7.907138945696651211e-01
4.994568188113058804e-01
-5.670922232040611632e-01
5.698298143163708085e-01
7.078572948221105721e-01
0.000000000000000000e+00
0.000000000000000000e+00
