3.987554888121633834e-01
5.455928802130527444e-04
3.900406661478184045e-01
4.110435427899974403e-01
1.165452154514520222e-01
6.116378640391531007e-01
-3.878982949640330524e-02
-1.081276310331268364e-01
-5.958597633652319425e-01
1.483956617171485748e-01
-3.664586726820196483e-01
3.036016323199999256e-01
4.297349920486732699e-01
5.835283019730526100e-01
-3.195327712813872956e-01
1.063572897983370291e-01
5.738185819046126568e-01
1.114126945132806190e-01
4.556259760071827980e-01
3.858410389423254649e-01
1.102561223899105602e-01
-6.019889106198167417e-01
-6.424039397062664136e-01
5.576169865404601023e-02
5.734539693572271446e-01
1.637889290877861947e-01
5.080240140379332914e-01
4.219638264077920642e-01
1.133611715784457186e-01
-8.415514545899005494e-02
2.856173490002905657e-01
-1.246237700008192562e-01
0.000000000000000000e+00
0.000000000000000000e+00
0.000000000000000000e+00
0.000000000000000000e+00
0.000000000000000000e+00
0.000000000000000000e+00
0.000000000000000000e+00
0.000000000000000000e+00
4.593284462772729837e-01
6.959169572714095642e-01
-3.605061179504761015e-01
1.317403402185427508e-01
-8.359273697891289601e-02
2.169126536024396090e-01
5.050756720950194678e-01
-4.747140968161608909e-01
0.000000000000000000e+00
0.000000000000000000e+00
