6.132073053139426300e-01
6.311672609561977954e-01
-6.293351805527375165e-01
-6.713245117180886012e-01
5.383639612031889676e-01
-1.160957960545943024e-01
2.533155627688910005e-01
3.852821602238769572e-01
7.219987631525093263e-03
1.686222721485250986e-01
-8.143138338885513861e-02
1.851173950753821629e-01
-2.873689733634783305e-01
6.303773865554165301e-01
2.184719999068037710e-01
5.587950737594606920e-01
-8.315797028093374621e-04
-3.414943989950982028e-01
4.921937183595563869e-01
-2.704955411061411019e-01
6.014369433866526560e-01
6.797693830426985162e-01
6.373362504212609636e-02
-3.051935629818395279e-01
-5.133938176234144057e-01
6.538860098446130920e-02
6.160392363686668649e-01
-4.379894465863598541e-01
4.862674805979507742e-01
3.472304027830417361e-01
3.611399077629362520e-01
-1.949837912020253583e-01
0.000000000000000000e+00
0.000000000000000000e+00
0.000000000000000000e+00
0.000000000000000000e+00
0.000000000000000000e+00
0.000000000000000000e+00
0.000000000000000000e+00
0.000000000000000000e+00
-4.978640356930408295e-02
6.918858423491450749e-01
-1.422706298456829499e-01
-4.493803097670197588e-01
-3.487286161472221147e-01
-7.653325724912766193e-01
-2.753606329106481621e-01
4.710593710298446313e-01
0.000000000000000000e+00
0.000000000000000000e+00
