3.590010918412447349e-01
-4.087133039028090220e-02
-1.657978843741263475e-01
-4.902181014104368684e-01
3.992637241525187619e-02
-6.984398013901211844e-01
6.135643986906462732e-01
3.221862319260557772e-01
-7.548826631853633451e-02
-3.703714654368471804e-01
9.031056572927664838e-02
-6.730906741174110808e-01
6.390236939051796572e-01
1.412292404369642762e-01
-5.123443430490114414e-01
7.067651312419205301e-01
-4.881472742242149998e-01
-5.147741754918015999e-01
-1.785779005844461143e-01
-1.889292800846568143e-01
5.177560934754334987e-01
-6.144573714781309537e-02
-3.933792219173545268e-01
9.925071902871251961e-02
-4.664236421272344169e-01
-4.630100588934760175e-02
3.618396854443797217e-01
6.456587033078464710e-02
-2.249788893235258325e-01
-6.538407572839148862e-01
-3.058886649800026669e-01
-6.989337854324186861e-01
0.000000000000000000e+00
0.000000000000000000e+00
0.000000000000000000e+00
0.000000000000000000e+00
0.000000000000000000e+00
0.000000000000000000e+00
0.000000000000000000e+00
0.000000000000000000e+00
3.253657152608898651e-01
-7.179891245752234585e-02
4.631661862381525330e-01
5.835899050185001657e-01
-4.058645299646553850e-01
5.030423320556750566e-01
6.516593414124037809e-01
7.674994084744923839e-02
0.000000000000000000e+00
0.000000000000000000e+00
