3.244041135489406091e-01
2.815927122901590307e-01
-1.018222174520527767e-01
7.969017497041958054e-02
-3.645851150167672694e-02
3.680462415189117431e-02
4.933761075603948498e-03
-2.652658532216505272e-01
-1.204341489992507841e-01
-2.933978262708999973e-01
-2.121746327299295354e-01
2.857838188375674271e-01
-2.775299322527396972e-01
5.959396529198623949e-02
-1.621117321339474726e-01
2.463931729392716541e-01
2.729929921112755897e-02
2.655522384042857675e-02
-3.119448863278422857e-01
1.881185394043279890e-01
-2.876265140921667740e-01
-1.621874115164389507e-01
-2.832294577534640867e-01
-2.208852653884096906e-03
1.180953575315402126e-02
-4.794344830777663713e-02
2.949433384547525128e-01
1.102177646053603133e-01
-2.449844789006787038e-01
-2.847682913100383351e-01
3.000862693191912456e-01
-3.268612009630972315e-02
-2.830666775856900408e-01
4.726027159410728373e-02
-7.519871100512737216e-02
-3.006602667522329519e-01
6.330546958409188907e-02
2.172835126789388616e-01
1.680403876335107016e-02
1.845398761187969638e-01
1.612125836142515034e-01
2.854558185733517828e-01
1.799862781208902973e-01
-1.734098247458840669e-01
3.366753420536875430e-01
2.285139233665282044e-01
-1.322984886272728366e-01
2.293366443720994408e-01
-7.578034874642985974e-02
1.926645754841971314e-03
-3.048172862021208962e-02
-1.900273142965629436e-01
8.224213647955591622e-02
-5.901946827949167140e-02
8.320614398863179773e-02
-1.952097493576018528e-01
3.074742071133261812e-01
-2.502946131495467075e-01
-2.106459411551489247e-01
6.000183079931231678e-02
2.257326821814886753e-02
-1.653024858286102905e-01
-2.745587610264416112e-01
-6.464994665969453491e-02
-3.577129687013008708e-02
-3.293649446877827680e-01
-1.713178900494438661e-03
-3.295700450770077117e-01
2.564966517049286354e-01
1.315994920750651609e-01
-5.375631765224675451e-02
-1.193914961516860940e-01
-2.364305545024914523e-01
1.924379738185896249e-01
1.618145678278712918e-01
-3.143092109807249512e-02
-1.429350058447619309e-01
-3.090391161594794323e-01
-3.053253956230813082e-01
1.130445009051281868e-01
-6.240026680819554805e-02
-3.153915110334065686e-02
2.937637112089163116e-01
-3.273049146051323355e-01
3.313571432158836094e-01
2.886030812981663640e-01
-2.362004443842623258e-01
1.902661388592162828e-01
-3.313372986254994879e-01
1.970123740883340524e-01
-1.094974552375183596e-01
1.485916024338274632e-01
1.487003749005865183e-01
-2.853238970030401167e-01
9.391020217583262442e-02
3.316970762685673701e-01
-8.181817855301265485e-02
4.364431223714865249e-02
4.902755484376997153e-02
4.409252423423998257e-02
-2.190725889431611728e-01
7.282275457612941150e-02
1.680019797286405048e-01
-7.094033216373024642e-02
-1.908616308385206739e-01
-1.188182438531903973e-01
1.225675869115497307e-01
1.246362750129935137e-01
1.574696403964105373e-01
1.925740042714692013e-01
-2.943059128670809654e-01
1.109639550520697959e-01
7.376759061025139896e-03
-1.062846042879572739e-02
1.803054813818600888e-01
1.458344429520791463e-01
2.695929523225388813e-01
-1.236457839879760989e-01
-1.791842942804627858e-01
-3.779362561409932431e-02
-2.132818768018490685e-01
1.447211468282930125e-01
-1.790215016618639521e-01
-2.738878315490280713e-01
-1.426818070011597328e-01
1.035352677108311026e-01
2.757322842332785573e-01
9.631162611133059492e-03
4.592285396282219656e-02
8.835564978619581122e-02
-1.992500010253742682e-01
-3.844456117341926715e-02
2.210437569042806860e-01
1.817378011362356105e-01
-3.272640011026112239e-02
6.255244256077430176e-02
2.504671822043377238e-01
-2.747349537531752484e-01
1.061219647678341982e-01
-1.944964703094447522e-01
-5.543718803385633276e-02
1.376404493934744178e-01
2.548884251696693637e-01
2.424835097093832603e-01
-2.962217027539248426e-01
-1.632796620384390496e-01
-1.911567743761665161e-01
3.020022099648648206e-01
1.174971946140674905e-01
-3.067103310693216622e-01
-1.624959002465200808e-01
3.152201613043875694e-02
6.178721878318582661e-02
-3.387295611440038767e-01
-1.385252742207928878e-01
-8.177063946065427080e-02
-3.051963218841754477e-01
-4.459096630712605647e-02
-1.498955369589311248e-01
1.680597137744045400e-01
1.442046852609727980e-01
-1.212149811311796777e-01
-3.149378551577818319e-01
-2.600492506288981653e-02
1.012498009582163405e-02
2.576012483896562566e-01
2.990026278826442008e-01
-8.873516635574979494e-02
2.970359871918585304e-01
7.613248176561504543e-02
1.021460703633293998e-01
-2.708034494311042373e-01
-3.048491566077061732e-01
-3.186934522032964234e-01
2.191039764318957195e-01
-1.586336385234057844e-01
-2.866816783326928131e-01
1.391729843928620203e-01
2.130140997750036291e-01
-1.932713660356832897e-01
-6.201941360775070633e-02
-1.201243492961717729e-02
-3.223248660545253719e-01
1.032497964290357562e-01
1.957189031405753843e-01
-1.656076964820707986e-01
7.805251470597268648e-02
-5.064455055682642870e-02
1.120928248168235331e-01
2.716012638116963585e-01
2.620009086232307771e-01
3.023995179400075228e-01
2.410747436741835781e-01
-1.849109596199038918e-01
-2.834849620170096229e-01
4.242091512494905459e-02
-1.801847614539937581e-01
-2.370480053180001878e-01
-3.421146995418633541e-02
1.448913415696662099e-01
1.580186592447054283e-01
-2.671886040786182193e-01
-2.548961288432094463e-01
2.915825448171428524e-01
3.160394091924337845e-01
-1.394386505346887906e-01
-2.631864428319156124e-01
1.332184066152199420e-01
-5.896968260403667728e-02
9.218067654974243519e-02
-1.237273657031223717e-02
3.391389372620030596e-01
-1.145979717825476585e-01
2.128706034824532356e-01
-9.457033898910355285e-02
1.489956486265034408e-01
-2.595317823415026481e-01
-1.725895053701743675e-01
2.009875946561817672e-01
-1.284329349992773261e-01
-2.414759481549636488e-01
-3.059233331011303458e-01
6.112391418287771439e-02
2.675536166188808851e-01
3.244107780739771130e-01
3.183987094835803999e-01
-1.355320846795528278e-01
-1.119909213403236237e-02
-1.196737883991831897e-01
-3.062964318135103503e-01
-2.187033092858260697e-01
-9.849537547174339047e-02
1.757502368355441380e-01
1.889917931240899795e-01
2.473972602091740747e-01
9.274633677763222117e-02
1.508145103647641205e-01
1.978456212304350315e-01
1.510634440926398869e-01
3.254902259527653330e-01
3.959318965006630719e-02
2.536890143506302930e-01
-2.112275525663366293e-01
2.514035384039460252e-01
1.132339786982010654e-01
-2.210390542696482330e-01
8.563779855560837984e-03
1.740259981179048676e-01
8.565218632235788165e-02
1.173836399225795524e-01
1.042802782278750007e-01
-3.311489705043925702e-01
1.308966929282112668e-01
-1.455436228973618629e-01
-6.186059089883877427e-02
-9.245468048631355629e-02
1.525533725458378398e-01
-2.560972341992727164e-01
2.168844118996299253e-02
9.935592269443416225e-02
1.589205873405505898e-01
3.701242103650997928e-02
5.467747550670692958e-02
1.184178792731988006e-02
-1.570416986585415620e-01
-1.338868463518848029e-01
2.992328485404320837e-01
2.916041205264695568e-01
-1.857507195147556356e-02
1.053323440210453543e-01
-2.028335383692477512e-01
2.456515031180594999e-01
-3.591245640002332928e-02
-8.727318500724445816e-02
-3.231788313819244363e-01
-3.861313667419391527e-02
1.426416616708816587e-01
-1.542999090654763039e-01
3.289684933924175159e-01
-1.812656281438873584e-02
3.025294537580839327e-01
2.320005938859027728e-01
-2.640796506208727967e-01
-2.975936087326359614e-01
1.205347347409822523e-01
2.626409132387027556e-01
-3.305706493767182619e-01
-6.222563146066412143e-02
-8.045755553375766311e-02
1.536757586604727277e-01
-3.163179044921037297e-01
1.937434619700635352e-01
2.401008834879370113e-03
-1.610032389228915062e-01
-1.361132655322500329e-01
-1.898228109416630616e-01
-2.831412625840979969e-01
2.702127914286075461e-01
-1.198009208996575203e-01
-2.220367732170051012e-01
-6.380861339396942666e-02
-1.989763912605182483e-01
-2.717572167398802363e-01
-2.509998778734967573e-01
-3.074908228502683527e-01
2.427391131620465492e-01
1.550783204942807192e-01
1.070811665324752360e-01
-2.199717878862228471e-01
2.417516898841023387e-01
-2.696968855803499876e-02
-6.998677255104557293e-03
6.810856200775711189e-02
1.168181306250633544e-01
1.512488248118224465e-01
2.348572354896771852e-03
1.228333094772788292e-01
-2.222138538294060051e-01
8.040312379156400180e-02
5.979718759532276495e-02
-2.039654303637736255e-01
-6.788597271242668985e-02
1.146179344430064972e-04
-1.682122416303901691e-01
-1.319222132451181861e-01
1.749348678285308489e-01
2.790493736391461699e-01
2.286622405282454640e-01
1.712516579539341555e-02
-1.974868008369903283e-01
7.349419123940670318e-02
1.526831522142917952e-01
7.836551516133288819e-02
-2.377021934259165858e-02
1.476707128048969087e-01
8.516431437837146401e-03
3.391714300428581019e-01
2.591235229031526588e-01
2.868678769389177985e-01
-3.189470289948863613e-01
-1.885576202089844777e-02
3.356773096251949307e-01
-3.059614534783637319e-01
1.416110936968553169e-01
-5.118255269119376116e-02
-1.843826766009006579e-01
-3.048697304382314566e-01
4.997099532173215897e-02
-2.589682201407801365e-01
9.744754906730895838e-02
1.654796736213975938e-01
2.204527963334085294e-01
2.691460164058865345e-01
5.623064006835043482e-02
-2.102442316992935156e-01
3.161460975321040978e-01
-1.360395660517876304e-01
-9.009789781017352173e-03
-2.676686702906118653e-01
2.420567507361133242e-01
3.114291592788364094e-01
-1.078241789496846015e-01
1.942674285174720294e-01
1.255390628751288373e-01
-9.951341459780005394e-02
2.303493652192541985e-01
-3.353653265730461852e-01
-3.974776095650112140e-03
-1.843415577103555136e-01
-1.197999782349309095e-01
-2.751027457199454740e-01
-2.630869011534677782e-01
-1.786802563859579418e-01
5.527453197108456173e-03
-2.976938283324415124e-01
2.450140022876855506e-01
-5.988102786866017491e-02
-2.430298631606616910e-01
-2.401596079864425359e-01
2.254767622915537784e-01
-6.818519444983450750e-02
2.191949100843035847e-01
-3.332087859699256471e-02
2.118134194773634293e-01
-2.692481368710994971e-01
4.655554862304073227e-02
-2.166418005285563053e-01
3.012956143556774213e-01
3.102190131339284118e-01
-2.995035795620379915e-01
-2.110214753955995115e-01
-3.153050747902718665e-01
-1.825072444343459888e-01
-1.385130190617207824e-01
-3.013257880740129457e-01
-2.044736363479521257e-01
2.689365947581970895e-01
3.216162450394030037e-01
-8.497443833326956408e-03
-3.219882564738779651e-01
-3.269157635748957125e-01
-1.172946084535350653e-01
2.369847545317201876e-01
-1.209640213662799835e-01
2.769920246645087847e-01
1.522660721899558589e-01
-2.166181551769348901e-01
2.864807451316884190e-01
1.610718448048640283e-01
4.353472630627686080e-03
-2.920132137192724131e-01
-2.638832852970688370e-01
-2.659171665936352902e-01
7.062930258537086781e-02
-3.152976153274349436e-01
-2.451711019933099367e-01
1.496596153077676683e-01
-3.209281684866924222e-01
-2.478272517421626908e-01
-9.998694178651226783e-02
-8.889600544970399643e-02
-2.810606849491734671e-01
3.003740880543478431e-01
2.835119346972087007e-02
-3.062117397966551691e-01
-2.966569376884000131e-01
-2.862087265116929347e-01
3.430612322987980356e-02
-8.311073450651440542e-02
1.242907564849677349e-01
-7.464498031403254963e-03
-5.123901852981838090e-03
5.005998703408726103e-02
3.148153441074524883e-01
3.105742170103419353e-01
-3.279241237215722027e-01
2.480961890324748786e-01
1.669859534606804585e-01
-2.549671758985664338e-01
1.185509266795653494e-02
3.343467976751645088e-01
3.089505492423110233e-01
6.212560111527876128e-03
2.048214397240510909e-02
2.739460513806913911e-01
5.464671615470056976e-02
2.870798561474408039e-01
1.343337487606913183e-01
4.959019259924862810e-02
2.604286510893428774e-01
1.610128189987649616e-01
2.772241023254928827e-02
-9.050934407400984538e-02
1.383568775547465157e-01
2.351146267125778788e-01
-2.785453122785057634e-01
-3.102739093811551774e-02
2.803843318644545501e-01
1.814038406921989477e-01
-1.149457349532090888e-01
1.236123295351294060e-01
3.380938134494120284e-01
-9.476086864326194181e-02
1.470391129183457046e-01
5.975066658737038239e-02
2.830624403801921263e-01
8.601210684929561090e-02
1.713277371956347661e-01
-2.952102026266157919e-01
-2.006633943464818104e-01
7.639553265284759753e-03
2.090082811825410003e-01
2.330516978088926772e-01
-2.954249119069204399e-01
2.010718029785323324e-01
2.614116297147160983e-01
-2.548928703970782528e-01
-2.590931135480344927e-01
-1.603628795796411821e-01
3.010993584412325896e-01
-2.276337398813259028e-01
-2.049993353296847287e-02
2.797178497400469865e-01
-8.649324639623356958e-02
-5.330458169805929458e-02
-1.697524549808725747e-01
-6.022305923052584387e-02
-7.720672140471507294e-03
1.815817803237235184e-02
-1.556279656336764794e-01
1.370385691449967358e-01
-2.279534480528908058e-01
-2.192903706587457369e-01
2.470695934871841581e-02
2.666722750083363458e-01
1.955726169315540330e-01
-2.352716181787601057e-01
-8.518378233858797666e-02
-2.983660695427292620e-02
-1.945681586795810214e-01
7.003072478947436341e-03
2.782511626189294596e-01
3.377411760362853954e-01
-2.593430458303245256e-01
2.015333367923158869e-01
8.976341029692419538e-02
1.916397540013073941e-01
-1.024525428826310314e-01
-1.999633422528553639e-01
1.903391256692644751e-01
-2.942398422634973087e-01
-3.170478307017197128e-01
-1.431663376159285628e-01
6.753172665064355318e-02
-8.569974860916912407e-02
-3.363258238016728630e-01
2.630257708570438169e-02
1.742976591104172801e-01
-3.254642039892982619e-01
-5.284499049122537429e-02
-9.377596499923618323e-02
2.086966388844290199e-01
-2.300120626605426932e-01
2.827130062257506848e-01
-6.581527228838590649e-02
8.139094533265284204e-02
-2.294104285400029308e-01
2.890303407919857515e-01
1.103175509319999081e-01
-6.874763202824663022e-02
2.478933206855875593e-01
2.232976325529121286e-01
2.583992374229032718e-01
-1.436655187470434469e-01
-2.564654374611730070e-01
-5.357448287406929577e-02
3.233555575345437028e-03
-1.565903762850933134e-01
-2.747438963840111992e-01
1.597793528807640584e-01
-5.913116974927079550e-03
-1.923284299732156977e-01
1.507438534849595002e-01
-4.991556905688532275e-04
-1.069543636008002396e-01
-1.857113328236353056e-01
-1.713901441084247912e-02
2.857391297955259590e-01
-2.740231303228744530e-01
9.095513447848091459e-03
1.105127795578989547e-01
-2.247550194073143492e-01
2.407609952532823172e-01
-1.027427582697085229e-01
-2.000112537928787904e-01
-2.537840572769383685e-01
-2.726059797434199350e-01
-3.233181052746020301e-02
-2.544066061115805022e-01
2.474627011221823825e-01
1.895740490164420367e-01
-2.581680736942146281e-01
-2.602154819260760754e-01
-3.167835277320836251e-01
-1.889701145424836637e-01
-9.730308368999160407e-02
-5.523138560950086040e-02
1.657183671182194118e-02
-9.445464309043624662e-02
-1.632049372009995170e-01
2.747851967893791825e-01
-2.440686026871172754e-01
-2.435230437603038700e-01
3.914187796143042686e-02
-2.678912241357918056e-01
-3.051004847817707089e-01
1.089479658911790549e-01
6.726697030460165871e-02
5.603963440191250811e-02
1.439370441552115798e-01
2.030738167379579906e-01
2.517214090556481043e-01
-7.256127718357419099e-02
-1.443200114759546071e-01
-3.372266010640510014e-01
-2.313903366371058423e-01
1.187545299102147900e-01
2.024355113764997327e-02
-3.166183537964528671e-02
-1.840520105727445066e-01
2.589408239867002637e-01
5.256242187536536159e-02
6.676752806985009059e-02
-3.122746318216212402e-01
-9.390119113279513097e-02
-3.157096936447510993e-01
-1.879319202034983871e-01
-8.466693778850287178e-02
2.391027150330907736e-01
-1.886411585928989276e-01
1.867132410483625105e-01
-1.832444449713889756e-01
1.431332554573979676e-01
6.698025124070322578e-02
-6.501032986959792703e-02
-9.305849754611128510e-03
-2.751064306507515766e-01
1.289328646835944392e-01
4.249887161604454233e-02
1.540576351351818918e-02
-1.987885694056735209e-01
1.483004869547050464e-01
-1.649507714226587651e-01
-3.074981832884682298e-01
-2.415581198701365340e-01
2.635257479075494569e-01
1.422311729405566494e-01
-1.597812185536007235e-03
2.971131948055585337e-01
1.283646976504289605e-01
9.982965697043094666e-02
-1.574945876282320689e-01
-9.130773567676608860e-02
2.391544754235642722e-01
9.009297835252710884e-02
1.299943804770865019e-01
9.323822135609660666e-02
2.586577045656045515e-01
2.915332641046119999e-01
7.712172177244486226e-02
9.600784441466420072e-02
-1.924782104729930721e-01
3.394624913253541099e-02
-2.425638745630865067e-01
1.044758111189216798e-01
-3.051905477443396797e-01
1.019045112794259578e-01
2.001849950778209486e-01
4.551059457576223100e-02
-5.700524433788278778e-02
0.000000000000000000e+00
0.000000000000000000e+00
0.000000000000000000e+00
0.000000000000000000e+00
0.000000000000000000e+00
0.000000000000000000e+00
0.000000000000000000e+00
0.000000000000000000e+00
0.000000000000000000e+00
0.000000000000000000e+00
0.000000000000000000e+00
0.000000000000000000e+00
0.000000000000000000e+00
0.000000000000000000e+00
0.000000000000000000e+00
0.000000000000000000e+00
0.000000000000000000e+00
0.000000000000000000e+00
0.000000000000000000e+00
0.000000000000000000e+00
0.000000000000000000e+00
0.000000000000000000e+00
0.000000000000000000e+00
0.000000000000000000e+00
0.000000000000000000e+00
0.000000000000000000e+00
0.000000000000000000e+00
0.000000000000000000e+00
0.000000000000000000e+00
0.000000000000000000e+00
0.000000000000000000e+00
0.000000000000000000e+00
-6.181521473386752952e-02
2.465219249261773604e-01
5.951533701924732744e-02
1.765128461674687066e-01
-1.351901001739450325e-01
-1.640490632610430988e-01
-1.020452989942524091e-01
2.047655930295207427e-01
2.375235787391641318e-01
1.102858686202058403e-01
2.941533602461747221e-01
-7.245121835303566793e-02
8.281614865865566388e-02
-1.185815313935168758e-01
2.102821739174532412e-01
3.058670722132618702e-01
-2.407658207016827034e-01
-2.826055593380341069e-01
2.516475435998270505e-01
3.808136351414270759e-02
-2.052811683528016351e-02
-1.353274270597138451e-01
-2.070200598213249310e-01
-1.632552210840402251e-01
-9.735519195200020848e-02
-1.786068544627570365e-01
-5.451704671922075196e-02
-1.073596144778107553e-01
-3.034290734414232249e-01
-1.794238661602240992e-01
2.782648115546940137e-01
2.849934601525432876e-01
1.363593984067095755e-01
2.447013413452550634e-01
-1.099685773351732898e-01
-7.431518442613119224e-02
-2.270390728400920322e-01
5.040128557134704312e-03
-3.048237117075114355e-01
-7.020642376329302992e-02
2.207224538044322837e-01
1.899274742231442659e-01
-4.130843925114274784e-02
2.580170034538937229e-01
-1.098163419802794527e-02
-7.099540167387174971e-03
7.268043509148003345e-02
1.209626301491024125e-01
-7.206335420831500027e-02
-6.534390560422537186e-02
-2.862056434687923478e-01
2.364465073586570765e-01
1.244908400327966458e-01
1.323121516827848176e-01
2.736381802767286486e-01
-8.359506891336249135e-02
-2.081290731967916918e-01
-2.765540975646021415e-01
-1.648183578865636267e-02
-6.493506700357315475e-02
-2.502421037284985328e-03
2.738623205715293163e-01
-2.355738982550491800e-01
-1.613488912512635320e-01
-6.588404163048380835e-02
4.308727998302530615e-02
-1.139436844656159797e-01
1.590007474821120703e-01
-2.887643368319234849e-01
2.390247157124923416e-01
3.353527053858240681e-02
-9.934435885049311410e-02
-2.348222246891608633e-01
2.454201050198467349e-01
-2.070842642562708558e-01
-1.582636733051707711e-01
1.287307192254331101e-01
-1.791449364344094575e-01
2.530387622901612565e-01
-5.372255427086392032e-02
1.083317288918062560e-01
7.295958956745807189e-02
2.954121692562207691e-01
-2.386766221620917894e-01
-2.966808296165884262e-01
2.860575085112033178e-01
-2.699961123810038499e-01
1.694016278580985913e-01
3.954366520096508353e-03
-1.173598955817561074e-01
-3.891920846342189488e-02
-1.489754131152800642e-01
2.906995773855721166e-01
3.282436896920248870e-02
3.803164650764134791e-04
-4.731469147296135658e-02
-9.431837197663106576e-02
1.420657846841941185e-01
-2.805123298344368021e-01
-5.803232170702665726e-03
-2.736347247871227517e-01
2.635385636439772639e-01
-1.358878645014214848e-01
2.666216659794573007e-01
-2.133235225082596997e-02
2.772151138863276354e-01
2.603282947539086734e-01
-1.243614020287009125e-01
-2.567074736658839784e-01
-1.026852734121825039e-01
-1.680274049878467124e-01
-8.153760954719982412e-02
2.908546332147917135e-01
3.022770991723123246e-01
1.264409960575535452e-02
-3.869325605606521723e-02
3.000283651520184169e-01
-3.954983958818497625e-02
1.793002325269366093e-01
4.963537916057458865e-02
1.632825014753871984e-01
9.637813759863606000e-02
2.096325564806498787e-01
9.194085839414672945e-02
1.395987075630766849e-01
-8.603838224367221788e-03
1.597514951488021584e-03
1.073994773086762167e-01
1.977898426841275259e-01
-1.597044727630264616e-01
-2.565458666962509016e-01
1.520898439626906518e-01
2.074905894835614162e-01
1.928229949771794183e-01
-8.727829146308382913e-02
4.855007654478915580e-02
1.368414876371542022e-01
8.637987875183772424e-03
-2.404778327526981840e-01
-1.891769807152587635e-01
4.963993889967438511e-02
-1.511808125196015262e-01
2.543306938829972830e-01
-1.591385337203986838e-01
-1.121505800446933043e-01
-1.111982949139975474e-01
2.187004226628228021e-01
6.367403324281889487e-02
3.708888003107813081e-02
-3.799938634582450403e-02
-1.936787053731949260e-01
-1.567063793562211982e-01
-9.392811350797858339e-02
1.245780202214848975e-01
2.551118236212820967e-01
-1.927880329637017554e-01
-2.808188535361693661e-01
1.632628071271067793e-01
-2.190944425031239873e-01
1.321498045695944090e-01
2.016926746400796167e-01
7.889662586695600499e-02
-1.149438637875679348e-01
2.368956716639352700e-01
2.433575472321565791e-01
2.711596259009967924e-01
2.283085906280955535e-01
2.074782776771299520e-01
2.784198896869987672e-01
6.926645755702248719e-02
2.460497896347479396e-01
-7.396625580693172441e-02
2.345465566016288750e-01
1.542214536023240323e-01
5.162831889616137371e-02
-2.347110916761629418e-01
-8.134779454848017899e-02
-8.784604723893102429e-02
2.444392130891290260e-01
-7.193774234910466081e-02
1.522076299419524714e-01
-2.327976568047060713e-01
-2.443316983538819931e-01
-2.472911724518205012e-01
-1.492808565544315458e-01
-2.137174084146519215e-01
-2.106442011023612615e-03
2.344711084851912042e-01
2.241882538926318058e-01
-2.495364609224877683e-01
2.074668841533386376e-01
-9.742117408095940512e-03
-3.903434589003318411e-02
7.912596111851821767e-02
1.280494297733488773e-01
-4.251989118189036798e-02
-1.081251565165656237e-01
-9.528284244480003662e-02
2.994564319828419419e-01
8.692347658262594701e-02
-2.558507585047849475e-01
-1.560584127987168224e-01
-2.799050899058389552e-01
1.437132712093319165e-01
1.688215273699887886e-01
2.977128718416929831e-01
2.552900586426862239e-01
-1.350881984498994715e-01
-2.288115365711616556e-01
2.564898749870130890e-01
2.924380978694449129e-01
-2.972634628200570006e-01
-2.482207610312653356e-02
2.521364974582624430e-01
2.488300078055538656e-02
4.373276753322963284e-02
-1.314693605528904907e-02
1.588433713566819172e-01
-2.382502325984447999e-02
-2.780892084383663199e-01
-8.062602099072510575e-02
-3.604816882010836165e-02
-5.038788512354114291e-02
-4.286625001159710679e-02
-3.739069622893731459e-02
2.746697061379553273e-01
-1.848737435481224156e-01
-1.833041299816877689e-01
2.743501801515899063e-01
-5.256846161695344355e-02
-2.918500434857695947e-03
2.290859981532428202e-02
1.600564194332794177e-01
9.486074050280146608e-02
-9.178186626120760083e-02
1.276250848323513543e-01
2.191711889144414838e-01
1.700767501976070406e-01
2.085847361539481803e-01
-2.338884221878392011e-01
8.693799674715402270e-02
1.460720216194066889e-01
-2.273563427042489260e-01
1.405669583349493656e-01
-7.325699815349723254e-02
-2.452407784030385118e-01
1.749579800325485324e-01
2.867581259808371086e-01
-5.687686858345042396e-02
-1.942511733017060482e-01
6.344350537600185191e-03
2.465430129858942609e-01
1.817435428001128450e-01
2.969324050535065429e-01
-2.227725667680004462e-01
-1.206890035480894241e-01
2.466825793286404056e-01
-2.069022015506050138e-02
1.038706476898992315e-01
6.303390329608182796e-02
-3.313386521035999177e-02
-1.641155472450050445e-01
2.052884989683210759e-01
-1.169348290629502740e-01
2.403099602951608849e-01
-1.734839814594433816e-01
-2.689474901338958501e-01
2.075318604024405933e-01
-1.838491417360666458e-01
5.627735834730851483e-02
2.201410590846686888e-01
2.606517538848623361e-01
-1.817224331484378896e-01
1.471929223616022520e-01
-1.680016483308838793e-01
2.028929913641976390e-01
3.034379730438964695e-01
-2.473304551611558988e-01
-1.214976812175420917e-01
-1.606358843584677065e-01
1.255869968215491683e-01
-6.538036759566970280e-02
2.792858867223648178e-01
-1.092699404962343412e-01
1.828777792468719299e-01
2.817890091240081163e-01
-7.260725270752396709e-02
6.895059387480484414e-02
-6.673511824102296153e-02
-5.169512956057387143e-03
1.772753660372425877e-01
2.881767148591621308e-01
-3.494993256425504846e-02
2.722361985801959317e-01
-2.155654051727151910e-01
2.736996914438737938e-01
-1.493133557218425111e-01
-2.537610305699790070e-01
-2.768105480435208987e-01
-2.658706020221942024e-01
1.031045118692457407e-01
-9.629635742503162010e-02
-1.650896212022071596e-01
9.013018597609179228e-02
2.919827368261113110e-02
2.403701954727908707e-01
-1.439723069409055700e-01
2.572708635574172953e-01
-1.480317976580614037e-01
-2.568506816577317275e-01
-2.605935290325088749e-01
2.376255434544935485e-01
6.295397527510654401e-02
-2.285657482863885370e-01
2.757076111950076958e-01
-1.592565020453939884e-02
-4.923759125056154096e-02
-1.153448615160461155e-01
-1.821171346242362599e-01
-1.883363555473986373e-01
-1.433256439843122454e-01
1.682583889499290608e-01
1.986135934569956407e-01
6.882282616871665537e-02
-1.858853726415503615e-01
1.855555946005661982e-01
-1.721192867985973929e-01
2.512991125093620437e-01
-2.072304537605870745e-01
-2.860915410778488432e-01
9.129044938534297549e-02
-1.626240276347323543e-01
1.387833846760739287e-01
2.750319373785494181e-01
1.433369514976463588e-01
1.296619290684444259e-01
2.311208942780755282e-01
2.878783660873791006e-01
7.113378365956024574e-02
2.000995435934299072e-01
-1.248868452067735668e-01
1.304253696740616530e-01
-7.316298420259134683e-02
-1.534293483317517026e-02
-2.585475549472492363e-01
-1.330886586412863004e-01
7.116142771912953302e-02
-2.411090452047460753e-01
-1.982728441735853719e-02
-1.588629969729034586e-01
-2.578244539822976966e-01
-2.343407445094695674e-01
-2.337472688881601923e-01
-1.143558281583656466e-02
-3.122685923293022636e-02
-2.652588344699722822e-01
-1.418060861712472365e-02
-8.470567681851282060e-03
2.504305810994462145e-01
-2.922943760591282247e-01
-1.822684932330225216e-01
1.579959639566921314e-01
-2.417975138508954291e-02
-5.699027360236016970e-02
2.786633335827142788e-01
1.743766160471166837e-01
2.728052407172009697e-01
2.652036642988261916e-01
-2.519609685262305110e-01
-2.582435167724345115e-02
-2.141645846421933730e-01
-2.209496830187993033e-01
3.766685229261435008e-02
3.926821273756336828e-02
-1.603957798402629864e-01
3.304975345609056925e-02
-6.227985843622382833e-02
-2.681060130491159654e-01
-1.899295640901892956e-01
1.309613429352226022e-01
2.500082953139831643e-02
-1.437544040497849285e-01
1.605531044269589702e-01
-3.025592910554725234e-01
-8.496792767473509977e-02
-6.120291550133233338e-02
5.277723268312661808e-04
-5.123448980520223239e-02
2.962174237226344320e-01
2.595961049212169303e-01
-1.221915995079776718e-01
-1.669878132706030249e-01
-2.367296458979616380e-01
-9.425774911442227899e-02
-1.231461747011375896e-01
3.015709793420989215e-01
-7.553263153948747144e-02
-1.996936143041553313e-01
1.476646112402626443e-01
-2.545199784492547801e-01
-1.056888566367155391e-01
2.553010159870630624e-01
9.628167035401080653e-02
-2.627096230391707254e-01
2.984264959351514146e-01
-6.798999563742000318e-02
-1.986870009741342757e-01
5.923258301593831154e-02
2.059321210388159185e-01
1.395635899813227887e-01
-1.615690600578112701e-01
2.401745049227513307e-01
1.896230783866111325e-01
2.821233809636123913e-01
6.773520725807280485e-03
2.416398842645411382e-01
2.783105530816058493e-01
-4.787851325839453942e-02
-1.875427307529973775e-01
1.411704943036791171e-01
2.478999143194585142e-01
-8.351783112438987411e-02
2.332705563387014736e-01
-2.291267223266747477e-01
2.102687511222474659e-01
1.684927453855382118e-01
2.747666274419719445e-01
2.764856828570674829e-01
-9.778923881634918325e-02
-1.240869218016897868e-01
-2.605755891553694359e-01
6.608527510415845851e-02
-2.254752984640830960e-01
2.629211424862969992e-01
2.932708673660518461e-01
3.856436646302829896e-02
-1.430087400730006841e-02
-5.135062037830295800e-02
-4.684115590495735448e-02
3.027765869814041388e-01
-2.915289139597049828e-01
1.936924187882520521e-01
1.275158077678622548e-01
4.786617804650378227e-02
-1.548736071477546106e-01
2.897258149276212280e-01
7.337235258365476520e-02
3.006184998839839806e-01
-1.083070550264269016e-01
2.908277265088877184e-01
-1.971415663757185022e-01
-1.930227563170658356e-01
9.041014929090424035e-02
1.815842983223136531e-01
2.991165113928279662e-01
-7.820586336279897188e-02
-2.901575785597373391e-01
-1.685611445072697223e-01
1.751045672755141558e-02
6.956355510466588621e-02
1.909408102977194210e-01
-1.100987308365881656e-01
2.983350401158523790e-01
2.925160227489924103e-01
-2.573412240975582743e-01
-3.036881125137541604e-01
1.838743855583401809e-01
6.629830866141572798e-02
-2.451972245207146017e-01
-1.871513697035884216e-01
-1.557877942598243359e-01
6.350071339822183081e-03
-2.834987745129887715e-01
-2.357065873695222413e-01
2.565646993303734580e-01
1.744660711855434698e-01
6.289916175914944674e-02
5.780764848998165562e-02
-3.563995740831937820e-02
8.516797470260889513e-02
1.318546206800575438e-01
-1.862831239171887088e-01
-1.247913330950282673e-01
-1.098305991454387454e-01
-7.807104247152898968e-02
-3.052428055933212869e-01
1.624697905474797865e-01
-6.603576341556005591e-03
-7.587670423393394481e-02
1.578355964806656964e-01
5.966951661728892020e-05
2.175498338543466192e-01
1.145762042205746845e-01
2.621370760220242402e-01
9.941538025993845729e-03
-9.931099331922987883e-03
1.894968281970643709e-02
-2.919697870266484974e-01
-2.066186160702036534e-01
3.522430081667149437e-02
-1.477505027274915728e-01
9.556351822406883301e-03
1.612531818535589689e-01
8.681345827887643196e-02
-1.531286366205387439e-01
-1.403438849556676860e-01
-2.075486765997769378e-02
-3.503131750914345588e-02
3.405741968538267272e-03
-1.773481735183343733e-01
1.337452311995243059e-01
1.189940000795470243e-01
1.059413866158706030e-01
1.514670920071782834e-01
1.647953802686309976e-01
-1.118214027774160069e-01
-2.739738412149686497e-01
2.262668035142970102e-01
9.901475661530517725e-02
1.434912519577817291e-01
-7.198400872393687089e-02
-2.888065144483332736e-01
2.610459662527761515e-01
1.000403357723683717e-01
4.990147452507365244e-03
2.232414463535991600e-01
-1.010382272423618333e-01
-1.940054493332077357e-02
-1.980802981011617336e-01
-1.258550046462362515e-01
-5.554542104168114225e-03
-1.675482370587841330e-01
5.218384075903437225e-02
-1.419513653517560370e-01
-2.546581449647382644e-01
9.021804003608002720e-02
2.053956995313306888e-01
2.421120829089078996e-01
2.588973983307642501e-01
-1.657089783308491049e-01
-1.289729263016403671e-02
-2.767938677312700713e-01
1.668589290113380308e-01
1.378908985006417343e-01
-2.183541742988945322e-01
2.668621117488460537e-01
-8.286516389450560016e-02
-1.926778968362787836e-01
1.450508852730799103e-01
-4.531883955477333803e-02
-2.768585808077457799e-01
-2.349462781639549691e-02
5.849991258412784445e-02
-3.924832803879296783e-02
-7.174875104886491162e-02
-2.325818662909403534e-01
1.101364631771601932e-01
-1.931634050696335869e-01
-2.628504281399419162e-01
-1.760201250834562692e-01
-5.866549400278531223e-04
-3.538008091864164317e-02
-6.775785030349054661e-02
1.664378276875579377e-01
-1.937834842183688844e-02
1.294190700274235328e-01
-2.802024197717238874e-01
8.606483947901005793e-02
-2.352732797140669740e-01
3.045117792311547444e-01
-2.266270590192643042e-01
2.164935936431242047e-01
2.046909533946985049e-01
2.243357544053830588e-01
1.440000051205200804e-01
-1.387578658237928197e-01
-1.804148506173303135e-02
-2.418468625651279402e-01
1.670692514682667329e-01
2.573325083152614989e-01
-1.089126523835629856e-01
-5.518066806922949930e-02
9.280172806830155885e-02
-2.296852498728775283e-01
-6.532688789378154892e-02
-2.120002412412739234e-01
2.368720899655626932e-01
-2.009312602764144751e-01
-1.718624138995577533e-01
-2.386885560031308806e-01
1.506486631218992289e-01
-2.165716155777263618e-01
4.837934463339338409e-02
-1.477707951794394181e-01
-1.269417906555316833e-01
1.903523982613001264e-01
-9.225956538547308572e-02
1.576732152919401164e-01
-1.438392326606389715e-01
7.035570960520115547e-02
1.486650348150150847e-01
2.460580566752573750e-02
-4.329818485616032664e-02
2.139760520430245561e-01
-4.836410809063607097e-02
2.095112081755745037e-01
2.753087573129875953e-01
-2.539587948048835919e-01
4.093480603603721901e-02
-2.775171251401589156e-01
3.053708839042254541e-01
7.361127722966365194e-02
3.373084678588261776e-02
1.351036374100599846e-01
-2.127275845295441004e-01
2.893508079686208379e-01
2.706284317847817977e-02
9.548679893841688360e-02
2.366208301318827867e-01
-2.977301893846201475e-01
-2.395108763780699479e-01
-1.228701103396435124e-01
6.978310396259246318e-02
-1.294066261313305544e-01
1.018583058981417655e-01
-1.699742811727851521e-01
2.633611468352281548e-04
-3.044947680718906868e-01
9.604598157090565858e-02
1.254840888970431556e-01
-1.644745368384039896e-01
2.045321681947682158e-01
2.010130948421165464e-01
1.863199444715599173e-01
1.072895129528582125e-01
6.159340489056880363e-02
-9.362546101223220840e-02
-5.913863563352625419e-02
2.506506315035848531e-01
-1.059312596109679705e-01
-2.741916860911959297e-01
1.452018939181479174e-01
-1.621619402204324545e-01
8.106058762195483824e-02
4.519488036747759674e-02
-2.562508651279725713e-01
2.986645240164049198e-01
-1.383518088595108442e-01
-9.351211208582785317e-02
-2.129648820672663811e-02
3.020826519972704127e-01
2.636977698574967666e-01
1.626852475371059481e-01
-1.245005241253581141e-01
8.343352858177033315e-02
-2.616172960303896899e-01
-9.674982562002429343e-02
2.023344586349464236e-01
-1.671801446860901874e-01
2.875248268607804580e-01
-2.758835337705622948e-02
2.039289650802464382e-01
4.070517099854148446e-02
-2.593521502605274920e-01
9.666461811336646281e-02
2.069451862976965928e-01
1.346288277238377185e-01
-1.718641439253697223e-01
3.726334604219777580e-02
2.200466553414992532e-03
1.958114179931192411e-01
-8.015040924867430916e-02
-5.643160317406417659e-02
-1.902727927191516510e-02
4.965565393837534369e-02
-1.154314197286988586e-01
2.466225169975175269e-01
-2.249743711319812656e-02
2.125991425264361911e-02
7.276626515118722605e-02
2.992435981728919225e-02
1.442950138505071367e-01
-2.869746077422269392e-02
1.331905293027869641e-01
-1.109028603109233069e-01
-7.391451565937753876e-02
1.798045530245198087e-01
1.898796281552719289e-01
7.764431657386727803e-02
4.789210875078547813e-02
-2.592587439241891278e-01
-2.234244352076292239e-02
1.605512705904532100e-01
-1.344214900181594508e-01
-1.137840322525426884e-01
2.110026061778585427e-01
-1.824524576791053121e-01
1.842906610573889492e-01
3.510707200200113842e-02
2.886715572749998793e-01
-1.756418861759088401e-01
2.179691812634409476e-01
-7.501813531921328049e-02
1.956975562936372204e-01
-1.908783741383105192e-01
2.639728050835694062e-01
-1.554573322470726715e-01
6.144495011545492158e-02
1.774346974247558717e-01
-1.642705985175401118e-01
9.442037916654255625e-02
-1.898710252932158671e-01
-1.725173573973549368e-01
-4.719499297038126651e-02
-2.446536809007561764e-01
-1.936571988787000875e-01
-5.642854222816862109e-02
1.084339872698134033e-01
-1.118479649364928497e-01
-2.713793486950555889e-01
2.031996020776531409e-01
1.016617128531868697e-01
1.734905976797780358e-01
2.688180134861754556e-01
1.839801845326394236e-03
2.727186169602418553e-01
-6.617016827318947247e-02
1.476864865032821439e-01
9.032741074845962448e-02
-7.945102785287763703e-02
-8.079765231365895750e-02
3.550083698081935024e-02
-1.373831481143170941e-01
2.496172729574936411e-01
1.375855552895471345e-01
8.488364993838404260e-02
1.926534216188940385e-01
7.758547047681724207e-02
1.783752192391229729e-01
-2.630838063428240226e-01
2.047581886358701975e-01
2.473069644927576305e-01
2.247541515684576274e-01
1.702806506970193090e-01
-2.086908502019640399e-01
2.352433288163001124e-01
4.063627835598709881e-02
4.005392322510320513e-02
-2.898294411231935874e-01
2.202159831404345014e-01
1.444472321921189684e-01
-1.973187727070855879e-01
2.367983737722216264e-01
8.951261611612604252e-02
-2.774680925275462839e-01
-1.368176906081522703e-01
1.916261543985542382e-01
-1.889809154054940821e-01
-1.018278461267457524e-01
2.109877206792140636e-01
2.119733773812005340e-01
1.242035231265665729e-01
1.137747870898103697e-02
2.851843412105897202e-01
5.549843082989935894e-02
-1.246006220400517339e-01
8.726834151266676942e-02
1.630014562501810871e-01
2.951588692541723957e-01
-1.410624287055022852e-01
9.792344353604737206e-02
9.528737794595132371e-02
4.640075666143955724e-02
-1.050973679948247197e-01
2.922355446914093879e-01
-1.329578884416971196e-01
-2.679467606893647380e-01
-6.283940224379169770e-03
-2.596786970327488175e-01
1.205761416116254980e-01
-1.689415850630492100e-01
8.489682018953648157e-02
2.021533232126609403e-01
-2.981891893105548252e-03
2.979045806617887648e-01
-2.029419323034836464e-01
2.391598125575123412e-01
2.908738640503115147e-01
-2.287384934196496356e-01
-2.615927318815778335e-01
1.339004016368413597e-01
-2.674317611277687856e-01
-2.382994152667834431e-01
-4.480904380951727939e-02
3.607909177307122572e-02
3.049845122604001868e-01
-7.767172830802709926e-02
3.339875149442161906e-02
2.857277688895742407e-01
4.391899833537721287e-02
-2.215026717171614257e-02
-2.500016786447685213e-01
-1.508620789143888530e-02
-3.020595283354785554e-01
-1.939984985680945906e-01
1.680157601451713334e-01
5.054525795399827937e-02
-1.242546311404938431e-01
1.304672829157971781e-01
-2.665069058489094589e-01
1.483148400926502797e-01
1.910880087720580600e-01
6.073247601372000481e-02
2.471607706338652122e-02
9.276911773218310397e-02
-2.827053217970761922e-01
-1.335582320227470254e-01
-1.379029464696365503e-01
-1.531922313437609484e-01
2.874008489471752692e-01
-2.266612913620478786e-01
-4.552332810787590445e-02
2.120196652883793997e-01
2.056034093502732696e-01
1.029678800765952973e-01
1.703853928327459522e-01
2.235324407818509163e-01
-1.975172635547984834e-01
2.176148839329088980e-01
1.892549233281343168e-01
-4.378028215504098375e-02
5.970248505444675224e-02
-2.872962770263484122e-01
2.342731335670230064e-01
1.780280508929196204e-01
9.279352356984998940e-02
1.116240909232644185e-01
1.153501391147270794e-01
-3.035726203139600399e-01
2.506451769292732945e-01
-1.991460197948868860e-01
-7.786984014193881753e-02
2.610206418634548053e-01
-2.953308101507562955e-01
1.326454252332833761e-01
5.842146961765443125e-02
-1.516222850174136216e-01
-5.462261266568435580e-02
-1.109184009678398919e-02
-5.156151662176139405e-02
2.612987534092042208e-01
2.400324109928221872e-01
2.587846478981329912e-01
4.465635097012177201e-02
2.732512661873491289e-01
2.533736001711520136e-01
1.914177132231382750e-01
1.415989935750183726e-01
1.287842965020392083e-01
1.322889596052381211e-01
-1.740800413916760159e-01
2.736565698462982144e-01
-1.179152240956665709e-02
7.769386637542624596e-02
1.590567447794438705e-01
2.950000670034207961e-01
1.855675641427965705e-01
2.482483527387169819e-01
-2.173282345102693081e-01
1.458042677900243111e-01
8.298372356183825183e-02
-1.842384736278083190e-01
2.714232589227263959e-01
2.371277612328071549e-01
-1.029183380863960273e-01
1.616983618112648458e-01
-2.339714948565992658e-01
2.790433343923160447e-01
2.634169763473629966e-01
2.866754384154565627e-01
2.560946944398026504e-01
-2.526804043831776259e-01
3.367442268581305465e-02
2.782440418513089653e-01
1.898133677699264665e-01
1.493621980759313184e-01
-2.037629072512897599e-01
-1.906671596666228152e-01
-7.032837812242184738e-02
-6.893596660841927459e-02
-3.936433125577859515e-02
-4.616635385536971281e-03
-7.938251393807635448e-02
7.130576866428561811e-02
-2.781558875544606346e-01
9.965618135325726712e-02
-7.304031954514819680e-02
1.531606797991980629e-01
2.161325174554307171e-03
7.460959539944028718e-02
2.291528199221652407e-01
-1.944889231770673133e-01
2.371040709528071111e-01
-9.335668026292867627e-02
-2.223504140111404181e-01
2.800880302695429869e-03
1.902014646002983533e-01
1.701007771890589160e-01
-1.032929346959582939e-01
9.255818626028711193e-02
-1.087793779633960678e-01
1.750504239163350184e-01
-7.938701201038525501e-02
-5.497863722202250836e-02
-1.024322885888380719e-01
2.992258632666102147e-01
-1.210035717339150996e-01
2.724217908983931902e-01
3.994832584343210868e-02
3.692335440859151330e-02
-3.198428502134798013e-02
-9.460492601668987755e-02
-1.241485650679512442e-01
-1.966945775366174542e-02
2.132366943428412598e-01
1.353605695566378886e-02
-1.440006962399963397e-01
1.351534827568177666e-01
5.637113935184528968e-02
-1.723813615128648724e-01
-5.519834479107516012e-02
2.560386993560248015e-01
-3.040553468699205841e-01
-5.337622574846329071e-02
1.796807550545265197e-01
7.208246888225794402e-02
2.759403137078182966e-01
1.289722652506227751e-01
-2.008065080322229690e-01
-8.719093860502941107e-02
1.743544530565658279e-01
-2.857666436698099166e-01
2.142807294900062054e-02
-1.261071845618788323e-01
-2.211785387259246338e-03
8.537050159187670184e-02
-1.535478823890887856e-01
-4.170723708353818449e-02
-1.913369778426405876e-01
-1.837706374728807213e-01
-2.368033002189383063e-01
2.501190393934009104e-01
-1.530250046731473912e-02
2.908616160898089276e-01
1.804212341627635108e-01
-2.231070472063092502e-01
1.708830797471194152e-01
5.340692969560667525e-02
9.382401613948554431e-02
-4.426543639338959002e-02
-9.697722217576709713e-02
5.231116545722303002e-02
1.016662879900262495e-01
-2.174477503339877771e-02
-1.541930472045726919e-01
2.891750547858247811e-01
2.937745840931708652e-01
-8.131150985261056952e-02
-1.196476073167755949e-01
1.594081843232498796e-01
2.266103882223383104e-01
-1.627882069724542191e-01
-6.098941103684288323e-02
-7.154312777392407563e-02
8.939411032700733672e-02
-2.100641569879828363e-01
-1.934385599545135337e-02
-2.995256654704097077e-01
2.898506037211458497e-01
-1.485799645708675565e-01
-2.720053632590752613e-01
2.251336505843939961e-01
-1.470125862818376095e-01
-1.408149948977053256e-01
2.921732286401875212e-01
-1.032266925401944813e-01
-2.156813062053936636e-01
-1.641510588524838221e-01
3.583920677393503951e-02
2.192319138752585328e-02
2.867876405493325342e-01
1.782114960229252421e-01
2.275246126314511286e-01
-2.354671183140634172e-01
-2.635671267913916038e-01
2.050020554827603481e-01
1.837925701408861801e-01
2.078594001808830583e-01
-2.595674375621424557e-01
-5.403574266091654144e-02
-5.728683843667942144e-02
-8.347983140334364061e-02
1.909240466553677740e-01
2.122333571899003846e-01
-2.736208177154095811e-01
-2.187008830566083972e-02
-4.676352536117556191e-02
1.203154181426232538e-01
7.808610846818275775e-03
-2.472858160067620825e-01
6.348172789628347967e-03
-2.016186272918651934e-01
-2.832248957867460337e-01
-1.294251519687356355e-01
1.246819905304921150e-01
-1.383529952766716087e-01
1.862784688725114268e-01
1.851861083437272848e-02
4.589570755652705447e-02
5.123797491654119574e-02
-1.983115338300757424e-01
4.715689926469002202e-02
2.997944069960219449e-01
-5.776238325737181878e-02
0.000000000000000000e+00
0.000000000000000000e+00
0.000000000000000000e+00
0.000000000000000000e+00
0.000000000000000000e+00
0.000000000000000000e+00
0.000000000000000000e+00
0.000000000000000000e+00
0.000000000000000000e+00
0.000000000000000000e+00
0.000000000000000000e+00
0.000000000000000000e+00
0.000000000000000000e+00
0.000000000000000000e+00
0.000000000000000000e+00
0.000000000000000000e+00
0.000000000000000000e+00
0.000000000000000000e+00
0.000000000000000000e+00
0.000000000000000000e+00
0.000000000000000000e+00
0.000000000000000000e+00
0.000000000000000000e+00
0.000000000000000000e+00
0.000000000000000000e+00
0.000000000000000000e+00
0.000000000000000000e+00
0.000000000000000000e+00
0.000000000000000000e+00
0.000000000000000000e+00
0.000000000000000000e+00
0.000000000000000000e+00
-5.814393211358886981e-02
-3.759303267182916297e-01
5.814046083007096133e-02
-1.549663281731789299e-01
3.668144597344242253e-01
1.839631775129432767e-01
-1.798385819380611261e-01
-1.113458089167785880e-01
-3.178259553764509193e-01
-3.284136567293215458e-01
-3.656872761853457443e-01
-2.330494748719137144e-01
-2.971513082368676395e-01
-3.490788293221381844e-01
3.472608483543164204e-01
1.530415285845158624e-01
3.620086161533174196e-01
3.659091311215156850e-02
3.153403942052580011e-01
-2.981741190991958890e-01
2.902885134210466123e-01
-1.038836888405818004e-01
-2.741087399066144403e-02
-2.183206710855409849e-01
1.803294737902016442e-01
-2.827106788755274769e-01
-2.245236328328423792e-01
3.502570656866429988e-01
-3.712696422308965905e-01
6.801956484080678988e-02
-3.342062005625133780e-01
1.502332820808310876e-02
-2.764497522777146776e-01
3.548766264319863084e-01
1.688159146331791871e-01
-2.105947034602964341e-01
-3.506456109044764347e-01
3.185930580310510352e-01
-1.567253288788699739e-01
2.552924282656024446e-01
-2.494800657445209457e-01
2.557977843717971767e-01
9.170925489349240900e-02
-1.664423494240948598e-01
7.173130765975360701e-02
2.890205585152763601e-01
2.567575642486114584e-01
2.106166146715959253e-01
2.323350464789633585e-01
6.414448189838928283e-02
-2.859274580422934697e-01
3.292203736855406349e-01
2.058534600822511940e-01
2.614605481866463799e-01
-3.939213886910831741e-01
-2.834205210191172997e-01
5.658716783340950185e-02
-2.972578290028459191e-01
2.526406301544492639e-02
-2.960336829896959565e-01
1.510040307109203339e-01
-1.349352934206267673e-01
-2.005297642653472157e-01
-5.349983626633236788e-02
-1.641000964448807720e-02
3.585601597443044963e-01
2.868066119652601942e-01
2.497345370534516662e-01
1.010862579631779390e-01
-1.938149850781878125e-01
-1.152600967846685864e-01
2.492099665579005641e-01
2.515121085111128862e-01
1.919476288290242194e-01
1.493518067403777905e-01
2.778625424422668799e-01
8.031105324306619941e-02
2.499072040021297902e-01
-3.911187182463309320e-01
1.970329870944348416e-02
2.733089534537736509e-01
3.047044288544277779e-01
-1.738544683842448701e-01
5.274811408646801203e-02
-7.806640637380463099e-02
-3.363619810536171983e-01
1.595198307224667267e-01
-2.252518587921989168e-01
-1.137984669323889309e-01
-1.888845326442909756e-01
1.260691979540246588e-01
2.542799427629854891e-02
-1.645100268741926108e-01
-3.837857428983275088e-01
1.925203740341985825e-01
-2.370959698150496009e-01
3.932536420088534324e-01
2.293976716949642225e-01
-7.739474068677354435e-02
-3.765164006256904727e-02
-7.911388304540478700e-02
1.662217474748345913e-01
3.611904155600992317e-02
-2.827817087714310507e-01
-2.428950401965194184e-01
7.187305221384115983e-02
1.120750772366060910e-01
8.681792909378638345e-02
2.067497341047642156e-01
1.654605595096139692e-01
3.698730691631399448e-01
-5.827653946083644065e-03
2.385057426568072958e-01
-1.306120201155622773e-01
3.797875804829820012e-03
-7.032031689281137421e-02
-2.048189258710858829e-01
2.707613675577285606e-01
-2.476236065154451826e-01
2.297187626586198461e-01
1.803379206169649085e-01
5.747717084161635404e-02
1.688610970948780099e-01
4.289099769147552976e-02
1.415432148662469358e-01
-2.221384692790309701e-01
1.229013586844846517e-01
2.002962935728865301e-01
-2.637389089742847581e-02
3.653490542685443043e-01
-2.432721630194593088e-01
-1.938046672245562208e-01
-1.259593784334635536e-01
-1.429678780845263786e-01
2.369527348283145263e-01
-3.139921710542154520e-01
3.723623715850482574e-02
-3.199885868588002724e-01
-3.112850129139874134e-01
1.850461231433774834e-01
2.393263640938594894e-01
-3.967150461021961561e-01
7.787869389562018796e-02
-9.181582900449269946e-02
-2.652062209312713303e-01
1.212620079088034264e-01
1.218536518391368229e-01
3.733362941234694143e-01
-8.015229528524914215e-02
-2.691560648865648497e-01
-3.738087775182289407e-01
1.408079038397747063e-02
-1.578912329338651999e-01
-2.520350970703746918e-01
-4.788650053172188725e-02
3.112029003325084142e-02
-3.329502073544843288e-01
-6.810623060833381759e-02
-4.332643741694441886e-02
2.375928971504387976e-01
-2.376838217257498109e-01
3.023212993991497011e-01
3.930730871651483826e-01
4.177206149900802856e-02
-2.905236634398916107e-01
1.493580955048914860e-01
2.248660047069708789e-01
-2.275740140096242092e-01
-2.673949968308912406e-01
-5.876329162726129374e-02
2.660967767053171174e-01
-2.326862943513442750e-01
1.216108906545783630e-01
-3.496266208415956256e-01
-3.214850784609921130e-01
3.257022556846793093e-01
-3.145784151935834827e-01
3.018796464082275643e-01
-1.588226660434798598e-01
3.297299380708709760e-01
7.537595761921345172e-02
-2.920499503332774083e-01
-1.360832061782501490e-01
1.169216497134715760e-01
3.060951610669533918e-01
-3.069363365382691278e-01
-3.951583384035766700e-01
-1.606827047274971831e-01
7.607415849145865439e-02
3.175978414791714166e-01
-3.094490909842121384e-01
3.105030004388196763e-01
0.000000000000000000e+00
0.000000000000000000e+00
0.000000000000000000e+00
0.000000000000000000e+00
0.000000000000000000e+00
0.000000000000000000e+00
0.000000000000000000e+00
0.000000000000000000e+00
0.000000000000000000e+00
0.000000000000000000e+00
0.000000000000000000e+00
0.000000000000000000e+00
