1.806799900786856261e-01
-6.456203646813069019e-02
3.123832427932722311e-01
2.814968733048598404e-01
2.032823164264674354e-01
6.845773888148831698e-03
-2.491959386091083806e-01
-1.599985200397045781e-01
7.190150097362563164e-02
-7.325907777320839198e-02
3.255826458765354037e-02
2.960702129519061643e-01
3.226825582557770744e-01
1.743263885262428259e-01
-7.330430131277132499e-02
1.785130834620896056e-03
2.912936866651668621e-01
-2.257825150718311136e-01
-2.470631578869519340e-01
3.310428024322774609e-01
1.777884202920516632e-01
2.481569978705056023e-01
1.760967270555066078e-01
-1.742620275398574503e-01
1.590990808772215770e-01
-3.253275219603130042e-01
2.233567027513299053e-01
1.969267179128960654e-01
-2.902648512257985369e-01
4.520849789022829412e-02
2.951599098514714470e-01
1.372002160188205977e-01
-1.447463192975370627e-01
-2.824738031064845112e-01
-2.610079816976011435e-01
-7.584707092245851490e-02
8.466008967289812004e-02
-3.333130040588683229e-01
1.947109957729636909e-01
2.082125509531704832e-01
3.110643675929061214e-01
-3.412608624067003937e-02
-2.054201796850560480e-01
1.963284328867808126e-01
-3.081671807067976054e-02
-5.102869587373581872e-02
1.480420392797167639e-01
2.912437836179668782e-01
1.580994952162283473e-01
1.577123585819761864e-01
-1.115751181451805907e-01
2.900120406530842798e-01
-1.994082202566264672e-01
-2.329289284125217740e-01
2.147458098593574283e-01
1.797880161130549492e-01
1.946922151617592744e-01
1.178545705682652045e-01
1.656982218489091441e-01
-1.600875283523764681e-01
-1.577742158439723597e-01
-1.636813201488262481e-01
1.909060777147065791e-01
-2.275166499104232520e-01
6.665649754833707918e-02
3.009942497647488668e-01
-1.461162722670976133e-01
6.789373772399254214e-02
1.486786067425657776e-01
-1.554922687601180964e-01
1.987129068323647552e-01
-2.779570971181618555e-01
-8.057359965106480892e-03
-2.063288531235950574e-01
1.625791618237765190e-02
1.583792875109990006e-01
3.079741011896508507e-02
-2.074257876470849415e-01
1.753616682745970934e-01
6.686487270151714180e-02
-5.173649967180071751e-02
9.453338624502444221e-02
-2.864353958520720611e-01
-4.502309042058671995e-02
-2.665403691115357243e-01
7.021656962534289503e-02
5.225880421458106717e-02
-4.078041269770504851e-02
-3.323618505344486107e-01
-1.330574557042753514e-01
-1.226853157904972125e-01
-4.697643650762461931e-02
3.079088302800314647e-01
-8.207870855716975500e-02
3.330188401875814330e-01
1.599952380573971267e-01
6.894910247549107529e-02
-8.542400127749483207e-03
1.982232859921462254e-01
6.387961482517084955e-02
2.503276505427864951e-01
1.459234568960321443e-01
-1.983944254757278591e-01
1.239940635513636646e-02
2.138271319370997903e-01
2.667724902050139235e-05
1.566791592671364919e-01
-4.862534694005166136e-02
1.464246420028403328e-01
2.771729637127273715e-01
2.096881129586666281e-01
2.335870658209343587e-02
1.679882729245122386e-01
4.147280836156752581e-02
1.478942912123720754e-02
3.231017288420195976e-01
4.364759689594227554e-02
-1.567507911345858707e-01
-2.420742013250434255e-01
1.147569648106180340e-01
8.624623837201839116e-02
-2.407180357025926476e-01
1.250412912129971743e-01
2.698870203079798413e-01
1.412473553125380699e-01
-2.547076156699201177e-01
2.246300313578206698e-01
-1.073084861809822654e-01
-1.681657724853220792e-01
3.130202940353925545e-01
6.192327807190206590e-02
2.739536645249565083e-01
1.949394545174593096e-01
1.942697784809326311e-01
-3.353339342575173410e-01
-3.211192506822183046e-01
-1.006525648007766394e-01
-1.801097435986546147e-01
1.239988031735962393e-01
-2.730974705403066416e-03
-1.767271238387557453e-01
-2.657575792348869648e-01
4.705684951968103213e-02
7.631942939085134547e-02
3.348684167908488885e-01
1.180868852289013171e-01
2.730371519438228312e-01
-2.709786317279527790e-03
2.877363807571927667e-01
1.961864441836490558e-01
-1.803028388269956039e-03
-9.984977497227986998e-03
-2.604330707451564808e-01
2.844167607932642783e-01
1.119712239083289762e-01
-1.408229949820000160e-02
-2.624864679046537974e-01
-2.962375041200488446e-01
2.826662798131229781e-02
-2.517796465706925169e-01
-3.301551611695807131e-01
-9.511577307617280486e-02
1.436530804931339111e-01
-1.758396386501948072e-02
-2.015762146123803999e-01
1.033546362134379892e-02
-3.007510981001111361e-01
1.895478614890089286e-01
2.979480307083318680e-01
2.046676036360616235e-01
2.596255042570605465e-03
1.891814789538305286e-01
-3.071507277635656119e-01
3.081304881492350489e-01
3.194469914625652773e-01
1.261720038009450096e-01
1.685894579975130148e-01
2.705307783916750530e-01
-9.817052069570464390e-02
4.134482253769367066e-02
2.986275369173921890e-01
3.124514425873914369e-01
-1.095700464598587387e-01
3.045538080266282366e-01
-1.213359529710978935e-01
8.167336375898054390e-02
3.040713172140200315e-01
-1.775801178749679965e-01
-3.290949200838985123e-01
2.327923154053717081e-01
1.180176725074850164e-01
-1.982726176829929798e-01
-1.404739663111645720e-01
2.291861010198734672e-01
-2.513768310852150245e-01
2.455947340473353391e-01
2.321248555935601088e-02
-1.609233676516321765e-01
5.716485881422428417e-03
-2.721656792539749459e-01
-3.075095185518900709e-01
-2.215556222759405003e-01
-3.072049462070319259e-01
1.547789805777796679e-01
2.497370478547996653e-01
2.977107773307037242e-01
1.936306997787600181e-01
-9.916934904513893811e-02
-2.205443852707422714e-01
2.882823910411043133e-01
2.556738676516434605e-01
-2.206144492571244509e-01
-9.739219130366294497e-02
2.062579650655749219e-02
-3.274681989065875154e-02
-1.330745208425763160e-01
-3.295836403517180546e-01
-1.490880889719180813e-01
1.604843093761705308e-01
1.060397769476453811e-01
-2.602549494335774649e-01
-1.126309836054495417e-03
-1.025637424823777899e-01
1.359367891188257849e-01
-2.266648929216341091e-01
1.326011242251165512e-01
1.342237894780387575e-01
-2.789387212030846608e-01
4.185232711143371809e-02
-1.295991171386770557e-01
1.110396466238544044e-01
-1.264977635302927950e-01
1.020831501022544385e-01
2.021102625034985056e-01
-3.210658807338979126e-01
-3.378618714856930771e-01
-2.183486148886131240e-01
-8.858999466542166745e-02
-1.140974041558133201e-01
-6.627878452830371359e-02
-3.572351128828321620e-02
-2.096308310263894914e-01
1.187962954794938852e-01
-1.832005785997565250e-01
-2.651157738077540849e-01
7.356488483742040785e-03
-3.232323799714393320e-01
1.730201898967392848e-02
-1.179759306684952103e-02
-3.289245043136449498e-01
-2.256979861647195329e-01
7.142212742419123961e-02
-2.347934812570462437e-02
2.765204388169075767e-01
-1.108682730368280023e-01
-1.019388400473976997e-01
-2.185391965538941161e-01
2.977960723649174524e-01
-8.964001878910776711e-03
-2.202543259794026431e-01
3.009994776585261933e-02
-1.055159013897345732e-01
-5.994206824701442393e-02
5.494683931726529469e-02
3.594759237074418579e-03
-2.786908713039469854e-01
1.947403779881164976e-01
3.217099159840998146e-01
1.961397657556926966e-01
-4.589069608816914725e-02
-6.103634957120374072e-02
-1.531058105512337342e-01
-3.382492826829341381e-01
1.182646598529087933e-01
-1.358493468483447375e-01
-2.360141014105557600e-01
8.632596927908320339e-02
-2.146944546538483434e-01
-2.564583913234980139e-01
-2.332276276065296527e-01
-1.526858970147844941e-01
3.263284167478945896e-01
2.859839945871015532e-01
-2.249155965881415864e-01
5.582040586185643694e-02
3.585140388884572316e-02
-1.271712191148828552e-01
-2.436071760242586315e-01
-1.622662116374702090e-01
-1.593782504648587339e-01
-9.596359985337374332e-02
-1.383295527453091978e-01
-1.807254603703240259e-01
-2.628908911113653213e-02
7.399782981687569317e-02
2.618471353675339008e-01
1.953982040355775052e-01
-1.760488940485183118e-02
-1.741197622105165044e-01
-7.226372594266144977e-02
-2.667954376775484859e-01
-2.506976100387749984e-01
-2.497719732740407150e-01
-4.364637500653484325e-02
2.125492403065084579e-01
1.504287800289250132e-01
1.018989145949042996e-01
-1.465329092584115034e-01
2.865009551813850752e-01
3.369958882931226585e-01
-1.221908280545591086e-01
-1.584377511124439586e-01
-1.350280804334788309e-01
-1.672084138547891008e-01
-1.699114120242012360e-01
3.194312068928906179e-01
3.317683641761007829e-01
4.646489048005575384e-02
-1.079093324324605641e-01
-7.813640907087432419e-02
-1.834660264554388576e-02
-5.123989641770054781e-02
-2.708242058568961497e-01
-1.129910978386671483e-01
1.861398690450805082e-01
-1.932689940386294047e-01
9.926601088890990576e-02
2.596208276205381749e-01
-1.701651168885593979e-01
-1.532823971513061490e-01
1.342888041953605449e-01
2.696180679927833168e-01
1.253800167363126605e-01
1.593331323605354233e-01
2.694171581033555363e-01
-1.550842596390501205e-01
2.262236497145411196e-01
-2.977966845626833781e-02
-1.648611136024840662e-01
3.262296334971411804e-01
-3.260599870646478382e-01
1.619484997316011921e-03
2.031325319939017993e-01
-1.524471515790577214e-01
-3.242457653751638080e-01
4.470137287349507105e-02
1.799570462142715543e-01
-2.358599041294329179e-01
-3.243615586262552086e-01
1.210640291121217738e-02
-2.947069205371382616e-01
-6.304639658718308448e-02
5.192158031013688335e-02
-2.221758354649494560e-01
1.743171040636277702e-01
5.472173330748464348e-02
-1.311526911796962735e-01
2.946313719263227160e-01
2.573113182190561732e-02
2.573911796025856180e-01
2.465491734647456967e-01
-2.848273837645617368e-01
1.784683763477058482e-01
7.061489522999703228e-02
8.953524990330863353e-03
2.676961217688165195e-01
-2.835497088558880385e-02
9.914151974354579178e-02
-3.266753434188998662e-01
3.065134606267992945e-01
-2.617350722543954622e-01
2.015548233075227236e-01
-2.880376782486928078e-01
2.769967406632988238e-01
-2.930967506965076463e-01
1.003999402460108437e-01
-9.214220534296777010e-02
1.855137499407892854e-01
1.171521295933635742e-01
2.336589138249429709e-01
3.546821174719072545e-02
2.107242586713687915e-01
-1.596003134907722221e-01
2.732684568806421632e-01
-1.074996124956905941e-01
2.453178465453855761e-01
-4.469404968459050886e-02
-2.331465424614840298e-01
8.647437407363112172e-02
1.774749868750994386e-01
-3.319192768782372460e-01
-3.389894582842872817e-02
2.892142813902532916e-01
-1.736539738909670394e-02
-2.722976274891783510e-01
-1.600558397639396946e-01
-4.439668272168739716e-03
4.458158674738332827e-02
1.436735230655499240e-01
2.866906239932571765e-01
1.500495356899625432e-01
4.527150606023344626e-02
3.344716673987481181e-01
-8.551567255629488606e-02
-1.997589150427317994e-01
6.512610988294958991e-02
2.748569721803645338e-01
2.198486438484016370e-01
-2.864532457979368507e-02
6.602264102032212589e-02
-3.310413115744120782e-02
-2.544003233360065952e-01
-1.966635880793486668e-01
-1.956327551956094091e-01
1.543624118000169188e-01
2.372266827137838874e-01
-3.358618219487380929e-01
-1.699137959241835694e-01
3.297470932079364925e-01
-2.986224179702628434e-01
3.393580896231980226e-01
3.360697472366455107e-01
-1.303088417406485788e-01
-2.177083512183564107e-02
2.408327159563276032e-01
8.957093133794630235e-02
3.164630051151604562e-01
-1.267276323135193006e-01
2.024526514754830808e-01
-6.191025601987909521e-02
-1.248818785590715963e-01
3.076997619266954587e-01
-2.367535878924346970e-01
-2.687462327000049167e-01
-9.485827876425706462e-02
1.618552440840029805e-01
2.487060625772200551e-01
9.153284157936131260e-02
2.075320378721584591e-01
3.265173068402044132e-01
-2.428048323872191716e-01
-1.989632927162540144e-01
-2.897055931992164601e-01
-2.269978291405244653e-02
-7.157136661601448679e-03
-1.372207864684678591e-01
2.881402053436461497e-01
1.159775191440705622e-01
1.139742783316148866e-01
-2.622395387665793498e-02
-2.169203247274744673e-01
-3.216771062433287920e-01
2.412810135665710565e-01
3.095006452664017527e-01
7.530601910821366207e-02
-1.042117684700395175e-01
2.167350566588903682e-01
-2.807391384908217158e-01
-1.803669804350116479e-02
4.128689831932047527e-02
1.516697317695642755e-01
-3.209474987555497871e-01
-1.285154952409322815e-01
3.754352737988575495e-02
-1.570113066769355525e-01
2.780408940154085462e-01
-1.452567195263058109e-01
-1.055756617960204868e-01
2.205791026091297180e-01
-2.271225493151882158e-01
1.495453308356201050e-01
1.504614760646560967e-03
-3.229661868187335694e-01
-1.328689186530400135e-01
-1.187206777185766393e-01
2.599951024324355098e-01
-1.662581626990849992e-02
-2.576831384143246639e-02
1.448487479680263812e-01
-2.020002860256735200e-01
2.655311920692852157e-01
2.436895378383374666e-01
-3.295351732875897999e-01
6.541490011561379436e-02
7.202841401605319938e-02
5.850353127527818664e-02
2.651395391432262993e-01
-1.716553148761417735e-01
-2.810185790168320263e-01
-2.005146520975550073e-01
-6.975657079220543011e-03
-7.731133651002530804e-03
1.006895126656836559e-01
-2.654078908494821309e-01
-7.612232384400691165e-02
2.453165716893096482e-01
1.948423821805439493e-01
-1.982541624071765263e-02
2.947355728180584000e-01
1.083018916460512515e-01
-2.277563333755222574e-02
-2.468233475761059115e-01
3.235310822209876980e-01
3.168711701751921739e-01
-2.028420837888758599e-01
-1.406485046087526114e-01
-2.944832764356018484e-01
1.455137008069884441e-01
-1.056370679763011522e-01
1.743610638881302188e-01
1.280934791183653276e-01
-1.926564761578500595e-01
2.975871775363632121e-01
2.063903429071248796e-01
1.385335303325538336e-01
-2.363592852126519261e-01
2.461430987974139173e-02
-1.854143364261406357e-01
-9.519676293875314887e-02
-3.324972081931126811e-01
-9.609308970020713492e-03
3.315648724920888801e-01
1.795140957933971659e-01
3.825585723318014608e-02
1.789390727765935996e-01
1.080970188286876077e-01
-2.110535166730894419e-01
-7.464053491964950382e-02
-1.940537038607678400e-01
-3.021325052160123148e-01
2.864457133291373747e-01
1.544833101991433533e-01
1.574512889576345498e-01
-3.029855950543964282e-01
2.111675551064383649e-01
3.262288434824521799e-01
2.905024505537090462e-01
1.288698458856551432e-01
2.318990830288077953e-01
-1.731143360852621660e-02
-9.166233438961124413e-02
2.736662597612427028e-02
-2.787092222747259984e-01
2.274415344012428175e-01
1.561245123497326248e-01
-2.129295002187345520e-01
1.886317427049655215e-01
-2.297990671261466722e-01
-4.878275084380401250e-02
1.409488944949008893e-01
-2.894581626568012989e-01
-8.068303108157742765e-02
-2.911932295040063901e-01
2.472805488793224926e-01
2.047402827039868090e-02
2.058450879762577790e-01
-1.341811296571328027e-01
-1.805732402131917380e-01
1.689481131874998043e-01
-2.672474299069679260e-01
2.912111060812520025e-01
2.843743656142962983e-01
2.329692963295770802e-01
-2.505514100505832342e-01
8.863403834986227636e-02
-2.844776373371605271e-01
-2.044398991932237786e-01
2.862004437418199654e-01
2.925988727196550121e-01
-3.267665884366192097e-01
-2.488729783641170368e-01
4.899440909384766840e-03
-1.883751709490000259e-02
-1.320257689320817884e-01
1.818096368050571288e-01
-5.970313759328332859e-02
1.816273704599936645e-01
1.512048471225826973e-01
-2.728530423621991496e-01
-2.106213455672402424e-01
3.105581842070782583e-01
-1.892388153518620442e-01
-4.930044254085724775e-02
2.203503057944888877e-01
1.391272932794430650e-01
-1.877122783554733276e-01
3.116769077258905174e-01
1.559682449963032957e-01
3.074586968608485904e-01
1.596762476703109668e-01
1.784717235108925770e-01
1.715140716723662084e-01
-2.066579717637719582e-01
1.360176916852053886e-01
-5.105285911762708073e-02
3.090080135079448231e-01
-1.689115357558123309e-01
9.066270770264284184e-02
1.028129386890985764e-02
2.417668729260687988e-01
1.864986879406783649e-01
3.375447008596752507e-01
-3.388670616730264373e-01
-2.785447318502393133e-01
8.450693152529409335e-02
1.573301943592766983e-01
-2.390838649379519731e-01
-2.865640457900340277e-01
-1.558839051566712486e-01
2.161111006354171638e-02
1.310693049485946449e-01
2.854229502228242676e-01
-2.307979110292241454e-01
-1.510789883181760107e-01
-1.334611063250162877e-02
3.172192403377473990e-01
-7.920323576451543390e-02
2.319507469746306949e-01
-9.736637690777938392e-02
2.996036782979817348e-01
1.370010453354201241e-01
-1.128142095652205079e-01
3.156785534395917248e-01
2.723711020546821793e-01
2.665425335981099764e-01
1.533977318489407882e-01
-3.088456335817776899e-01
1.319997164443621473e-01
-1.716080393377367730e-01
2.069107548381505790e-01
-6.480515928776287016e-02
2.534858114042387589e-01
2.065647479601463443e-01
-2.369328580814707430e-01
-3.215068208047749954e-02
5.739168303350061784e-02
2.472887289744873929e-01
3.463742076620002219e-02
6.832020574769021026e-02
9.175875902572527831e-02
0.000000000000000000e+00
0.000000000000000000e+00
0.000000000000000000e+00
0.000000000000000000e+00
0.000000000000000000e+00
0.000000000000000000e+00
0.000000000000000000e+00
0.000000000000000000e+00
0.000000000000000000e+00
0.000000000000000000e+00
0.000000000000000000e+00
0.000000000000000000e+00
0.000000000000000000e+00
0.000000000000000000e+00
0.000000000000000000e+00
0.000000000000000000e+00
0.000000000000000000e+00
0.000000000000000000e+00
0.000000000000000000e+00
0.000000000000000000e+00
0.000000000000000000e+00
0.000000000000000000e+00
0.000000000000000000e+00
0.000000000000000000e+00
0.000000000000000000e+00
0.000000000000000000e+00
0.000000000000000000e+00
0.000000000000000000e+00
0.000000000000000000e+00
0.000000000000000000e+00
0.000000000000000000e+00
0.000000000000000000e+00
-1.397531008869885016e-01
-2.535062245066975750e-01
-1.247816264744780468e-01
2.273549020269229337e-01
-1.947962286681373389e-01
2.833475105327904475e-01
-2.779786721974011887e-01
3.134999757985723612e-02
2.070372657058616728e-03
-2.077765866167856634e-01
2.982007596039593089e-02
-2.681845971903064063e-01
2.115903899070215588e-01
9.630248334979935043e-02
2.728456093347446099e-01
-3.154001706546061268e-02
-2.990636358520926685e-01
2.935206589600408700e-02
-8.402386384062815461e-02
2.682976598243710931e-01
-1.900780673207568272e-01
-1.312273252277245950e-01
-1.344444087761076378e-03
-2.285165008368226225e-01
1.250305139541060817e-01
1.158961424677933949e-01
-1.177486271305873411e-01
-1.040679849312351468e-01
-1.460547833992798805e-01
-1.423105305762978334e-01
1.072348460611714516e-01
2.439957283895780038e-01
7.430983206861418999e-04
-1.141928046702878619e-01
-2.388310757362492320e-01
2.276385422234287748e-01
3.250456692458236763e-02
-2.079771374900678538e-01
2.682922180125129619e-01
-1.100829612232388233e-01
2.705193167114207653e-01
-1.316574928091693020e-01
-8.260684003454779600e-02
2.998245482577527876e-01
2.641494182448494432e-01
2.235462956912125931e-01
-1.313408019918236302e-01
-2.227939185915440157e-01
-5.559789075312998596e-02
1.680539284823510116e-01
2.374510870570800680e-02
1.357396559959114790e-01
-1.026002332841295939e-01
2.258430972223270383e-01
1.075714395083972041e-01
-1.742177841964672180e-01
-2.428677796204496697e-01
1.366430346818430785e-01
-2.961760136808797017e-01
-1.814971219651569379e-01
5.333078488855114152e-02
-2.736986647624035096e-01
2.273695845769831414e-01
1.812237053814583221e-01
1.896471283577748079e-01
-2.255626233939557190e-01
-1.272764462494840321e-01
-1.451829815824008385e-01
-1.304678495516936876e-01
3.180006370304355734e-03
-2.823896581421637686e-01
6.370781770336292338e-02
-1.766479493356716002e-01
-1.777597680871412233e-02
1.776461581958755920e-01
-1.995375013051311486e-01
2.802094833241053906e-01
-2.629344862660121240e-01
-3.053429811377782466e-01
-2.932371247626169852e-02
1.619447482235036873e-01
1.388831299415740350e-01
2.443642029550097683e-01
-3.805796684737366986e-02
2.859924793468247572e-01
2.239675575234996718e-01
-3.176964295828427209e-02
9.063286943408038754e-02
-1.430298373509413801e-01
-1.152575010868957250e-01
1.252381566731695095e-01
6.962946162903727032e-02
-8.075130354489171158e-02
-1.040041932796328394e-01
9.874071909416309856e-02
2.483546823932830105e-01
2.525754525815704365e-02
-1.938317472043636358e-01
-2.708524076369793199e-01
-2.350318827518268205e-01
-6.168041405423152490e-03
-7.355303568055174268e-02
9.465747614470243487e-02
-2.840829343200120261e-01
-4.884850710055982370e-02
-1.910560864873836751e-01
-2.359423897936304693e-01
-1.434905143384099802e-01
-2.949341785402691540e-01
-2.933247373450291740e-01
1.586567035221647104e-01
2.513431408305095149e-01
-6.548602098727954179e-02
1.788989072199935748e-01
2.648213560971296454e-02
-4.787364613533595659e-02
1.384489505482691674e-01
-2.202237447391291458e-01
2.724966119334714665e-01
9.652723120293454917e-02
9.208011981347047348e-02
-1.782890865298926708e-01
2.682512271873185861e-01
-2.670909260657359785e-01
-1.524768741938507810e-01
1.259523309943675895e-01
2.507569074342695381e-01
1.212533694805112416e-02
-1.530113044403548783e-01
-2.208814971458553378e-01
2.793293132013950353e-01
6.201315202778051594e-02
-1.016658589231269894e-01
2.977028256827685126e-02
-7.311289582637434115e-02
2.233234271946659688e-01
1.943882620887141255e-01
-6.535905736859970450e-03
-2.600723742014782180e-02
6.003018200960236195e-02
1.204528466289263022e-01
2.889739592743940100e-01
6.460252615364098228e-02
1.090611718536193542e-01
2.338894617133083220e-01
-3.364058678885623044e-02
-1.048736894502504124e-01
-2.168050948812089707e-01
7.541700361386172169e-02
-2.223702903200085457e-01
1.450538565058180351e-01
-6.849719048370506158e-03
-2.102754596365362105e-01
1.257781154128138068e-01
-3.959553471026794336e-02
1.297328292439576258e-01
2.606802900153049607e-01
-9.616971958209430404e-02
-1.196810780764449300e-01
1.197058553822005211e-01
1.541943784385714222e-01
2.582581557995978216e-01
1.335485080662380253e-01
-2.206370237406376500e-01
-9.871905726176957718e-02
4.125760576878295671e-02
1.607362492623899963e-01
-3.137426618491495622e-02
2.102141276444878248e-01
3.077821259856011737e-02
1.632165378925929389e-01
-7.960784267416101678e-02
1.916046846891855115e-01
-2.125747328640086309e-01
4.764941685033446950e-02
3.053760960961039994e-01
-8.186847660607679544e-02
2.831290749343796098e-01
2.721123020654128699e-01
-2.490413929187684783e-01
-2.199807270712006435e-03
1.329210810054941572e-01
1.538545572575680809e-01
-2.877541181589079455e-01
-2.295581461526641220e-03
-1.542010495128448566e-02
-1.638437561851788793e-01
6.893208966716829478e-02
-2.716589377356998791e-01
2.389573379383251317e-01
6.299516168650914905e-02
2.575259277429223226e-01
-7.870206591717421318e-02
-1.167958756719116309e-01
3.035732709978479771e-01
-8.116882127841137939e-02
-2.136053254958721337e-01
-3.566723943616506576e-02
-2.144673660954592997e-01
-2.969698592166304940e-01
-1.525680683136241833e-01
2.276810289320751468e-01
1.073529961821712009e-02
1.780990511798933307e-01
1.088554865306210484e-01
-2.463032883503629145e-01
-1.233736579834526781e-01
-2.838178612024301328e-01
-6.294357377854506441e-02
-2.046097301283342218e-01
-3.040497989313018512e-01
-8.939390380300957228e-02
2.409201815309412464e-01
-2.830598076524313278e-01
-2.866807395103043166e-01
-2.863517864197390739e-01
1.296051450554253082e-02
-1.978343374359431417e-02
-2.276786385980958949e-01
-2.961267177048622634e-01
-3.500550467773344554e-02
2.619328247672914056e-02
-7.765672431919987129e-02
-2.808024633390892033e-01
1.163614867228361938e-01
-1.430083952359018085e-02
2.458934972933361496e-01
2.060086613980070536e-01
1.362628461463037954e-01
-1.018711669598235114e-01
-5.615255517744904834e-02
-2.412651488022604651e-01
-1.300271858101938460e-01
-5.304170646164213521e-02
-2.850569469961505287e-01
-7.375301737444811545e-02
5.485684637119098150e-02
-1.986194207963937752e-01
-5.076487629017489844e-02
-1.387828804367795266e-01
2.887339507760649515e-01
-3.933333675835026799e-02
4.129383164653749327e-02
-2.014114327989069420e-02
1.306585417867092702e-01
-2.821841241194462668e-01
3.058477455994856320e-01
-1.229697582427999314e-01
2.539654304437824472e-01
-4.905502817888202083e-02
1.807563716416927257e-01
-5.786407590782682853e-02
-1.120298355108959587e-01
-1.524103853364578431e-01
2.518762364379553698e-01
-1.013459019164236752e-02
9.499321407194899480e-02
6.564554246085707589e-05
9.878833265346664838e-02
-1.872993644410919090e-01
1.458969383842545486e-03
1.343175675619998621e-01
1.986529512255383323e-01
2.916892569326554052e-01
1.708307404974837018e-01
-8.815084524151656220e-02
6.030291044629987329e-03
-8.570841871117085287e-02
-8.529875910585477117e-02
-1.374147663685924836e-01
-1.153302912648765943e-01
2.105638996883312797e-01
-4.248250822701998830e-02
-1.004034079778160504e-01
-1.438675587781546583e-01
-1.024911081816107239e-01
-6.889116441869008733e-02
-3.012495790508641913e-01
2.964366442572641813e-01
1.689158554098761367e-01
2.275148687969882899e-01
1.159679356144812101e-01
6.230824530824807805e-02
2.479834377447666660e-01
5.813680323437453445e-02
-8.508440471995254439e-02
2.710891906493600456e-01
-7.350770823440572199e-02
2.840997807314810109e-02
-2.802483866644936428e-01
-1.137566015444266554e-01
-2.588446349892836729e-02
-1.787806915816024245e-01
1.343667196527892349e-02
-2.959329047934263768e-01
2.864651077328747575e-01
-1.934431817720273505e-01
-1.972631644966510167e-01
-3.034116121378080400e-01
-1.465390603702403094e-01
-1.422135987998104090e-01
-2.308142308007167243e-01
7.386149599712166225e-02
-1.631419005549389345e-02
-9.456607616612186518e-02
-2.634290816392680923e-01
2.198258250561279659e-01
3.023318413326092080e-01
2.788115443837872465e-01
1.198396852462035311e-01
-1.359128634137530822e-01
-5.038912312855048370e-02
-8.837966170469896410e-02
1.229529213770877982e-01
-1.571934212435736056e-01
2.066663294864842793e-01
2.535612473958983037e-01
1.897640995814839360e-01
-1.736850911030065892e-01
2.612648148555218319e-01
-1.937128831513705296e-01
-2.112084984130819798e-01
-2.357458460664076660e-01
-2.165231101564495941e-01
1.494103539435189809e-01
1.502315263446816762e-01
2.499388940577370044e-01
-1.352446852795152754e-01
2.977762393939718533e-01
4.412336944210754064e-02
-2.524191229020809613e-01
-2.426305138137789807e-01
-3.028071830258803332e-01
-1.534829721361035126e-01
1.616178877582075679e-01
-4.574280911419936757e-02
5.867515342080048546e-02
-5.305959177462793441e-03
4.731207751618948798e-02
-2.545987862806530777e-01
2.697488027794044396e-01
-1.665632263170165883e-01
-2.444431176007643147e-01
-2.325222375575946299e-01
-2.811830963478100798e-01
1.238610724695375365e-01
-1.965031622051651439e-01
-2.969614109480146480e-01
-2.897249370547095304e-01
2.577498191794458937e-01
3.021916134511380414e-01
-2.135015813686524933e-03
-5.101513103448035436e-02
-8.860409584862782850e-02
6.731929094410121772e-02
-8.522421638369542807e-02
-2.792714416543322642e-01
-2.172523492575724746e-01
2.431835811322709540e-01
6.250076418283767588e-02
2.560906275517177422e-02
2.123860910663336043e-01
-1.372295743530933532e-01
1.794914697886912380e-02
-1.110411285006443760e-01
2.058509113087990117e-01
2.225167273414029867e-01
1.857939262730602947e-01
-1.728778739119463947e-01
-2.302674452283165474e-01
-2.349321166783230885e-01
2.462694487364469054e-01
1.371767967600877602e-01
-2.917699972797361263e-01
-2.238352016179523396e-01
3.491013585560293064e-02
2.792636366080857857e-01
1.402867979264155185e-01
-3.059146721035824745e-01
-2.208120027518653550e-01
4.748851478189375364e-03
-1.248899138658271513e-01
-2.399247006204515698e-01
2.903980345591787304e-01
1.885354506766720450e-01
-1.411578050247669081e-01
2.969083163692741167e-01
1.135489578897041496e-01
2.793307247935428728e-01
-1.805788048565873938e-01
-2.859894721279313545e-01
2.739403725947376356e-01
-1.922402335855861732e-01
-3.214842986598298591e-02
-2.599567840823551745e-01
-1.741166466074409724e-01
-1.021067629681244593e-01
5.475172361370200802e-02
1.404912111628492388e-01
-2.644454442585417731e-01
-1.969623158666760077e-01
-1.516104484559894217e-01
1.465398826244490027e-01
-7.137828206507304540e-02
1.730443109271416202e-01
-1.914840861220615531e-01
1.209936464527291977e-01
2.814307367408245830e-01
2.347748687953316593e-01
2.143413282453032753e-02
-8.783863555915066845e-02
1.616572857056345347e-01
6.393138647666446461e-02
1.346277571015611629e-01
1.957242451922989734e-01
1.205989786073456416e-01
-7.286262145974323201e-02
-3.046042871043089795e-01
4.756629931099642938e-02
1.669388610876016421e-01
1.239283688544990936e-01
1.335846081083074122e-01
-1.306556955419263533e-01
2.254055860282223045e-01
-2.766230987454944001e-01
2.556912975350346673e-01
-1.910670167307308986e-01
2.549782120236579464e-01
-5.290012707844310436e-02
1.259027599076053550e-01
2.719568905691556737e-01
-1.588026895584694342e-01
2.622185577553459712e-02
-1.439865846075318589e-01
-1.296144653205775488e-01
-1.938502990705438522e-01
-1.240455736620366123e-01
9.161643843953065636e-02
-2.032866872435328820e-01
-8.995782794329093557e-02
-8.690020443617207935e-02
2.983818332609433077e-01
-1.854701811020303959e-01
-4.596845200839111412e-02
2.069474769795409674e-03
-2.118329496626828734e-01
-1.801401399861782826e-01
-2.952204147363256537e-01
-2.830818352478136624e-01
2.649503207794224324e-01
9.551712903859693737e-02
-2.149951968073082753e-02
-2.314514742648490775e-01
-1.957500358369534954e-01
4.986731341694722319e-02
-1.935853970281048997e-01
3.007317943559373874e-01
2.994415138101686469e-01
1.341372506925953001e-01
-1.865399494099123368e-01
-1.113122695989859634e-01
-1.339648014279840038e-01
1.438649927299630593e-01
-1.185652441227752485e-02
1.027242094217215018e-01
-2.471565259100270417e-01
-2.396920520354947071e-01
2.825981723866886619e-01
-2.439766860539452631e-01
-3.086595015683357701e-02
2.669561740537702010e-01
2.818187877282879450e-02
-2.317585719120788812e-01
2.798132877501979254e-01
1.317951946184966472e-01
2.375153439406549327e-01
-1.618074939847100324e-01
2.670596599147941341e-01
2.796929776606367768e-01
-2.706158807246976106e-01
8.453882206561075252e-02
-1.434339465854881090e-01
-1.795729399408611260e-01
-1.736461534987821520e-01
-1.785717273668530614e-01
-2.504631543059315790e-02
-8.345570009934219491e-02
2.686120785653332566e-01
6.469022112469691166e-02
-2.447931021030808063e-02
2.364149733977399803e-02
1.846778204771149512e-01
-2.471794708377250960e-01
-7.833306885964200217e-02
2.091249032895201032e-01
-2.313234386631974893e-01
7.195855404861067894e-02
-1.630476069876397593e-01
-1.132225751951645154e-01
-2.428301329980931400e-01
-7.669662656016576485e-02
-1.773199555934953098e-01
2.449221789661439330e-01
1.179198312717677499e-02
-2.663651943280701540e-01
-1.698053249328786984e-01
-1.495639704690906735e-01
2.003639382628796262e-01
2.978037817308742397e-01
2.205960372331325359e-01
-5.082342843521153730e-02
3.031454534577340820e-01
-4.096174722937157009e-02
1.669077228284062131e-01
2.177947288125007819e-01
-1.257268222207770236e-01
1.413539126076215346e-01
5.284922291331484168e-04
-9.265957886649764386e-02
1.650365399431934499e-01
1.950186228979558511e-01
-2.623567183323383123e-02
-1.983972339542875440e-01
2.273359634952550334e-01
-2.444546429061340842e-01
2.612459256454290890e-01
3.912677692125593465e-02
-1.053147747329182815e-01
-3.554909111994075666e-02
3.439421395494179912e-02
2.374553004488405006e-01
-1.336126399515160657e-01
-2.434606573981627498e-01
1.447739009263311893e-01
4.664995240410152455e-02
-1.724907121886805339e-01
1.806881291060141170e-01
5.594589112339853898e-02
2.560285016870000319e-01
-2.729857685786454269e-01
2.101740964708737613e-01
-2.989579700557420949e-02
-2.914633424324649669e-01
-6.241887807486465323e-02
-1.071684367779929259e-02
9.596049121485394906e-02
-1.851479278999446088e-01
-4.793568809865433877e-02
-2.913519386185135507e-01
1.700635237626335061e-01
1.247679401863284188e-01
8.840329901032234483e-02
9.284319495724596694e-02
9.821694463581148726e-02
-1.954559059272466537e-01
-1.249215534272602179e-01
1.765085185676940061e-01
-1.312065561528686641e-01
-2.211126277530825468e-01
-1.184548215103043700e-01
-1.426482305080986057e-01
2.210755417349853924e-01
-3.041175079540603399e-03
-1.166412254101457102e-01
1.627987680283756178e-01
-2.664018471920170938e-02
1.685489912393836609e-01
2.635166108301417731e-02
-1.224826881773232734e-01
-1.359568492606038070e-01
-1.401637455444079972e-01
-2.432150172404012878e-02
3.443631958355053424e-02
-9.451805940776836223e-02
-1.055934151449998137e-01
-8.057100856242005449e-03
1.686419985072740713e-01
-1.150289469878412740e-01
-1.817985971374504461e-01
-3.602423973974466787e-02
-3.056753780877943805e-01
-1.997186137196748645e-01
-2.164706474147265469e-01
-1.429890241212511126e-01
7.448801723225489946e-02
-2.648225325629217086e-01
3.331572337460259048e-02
-1.309769607024352522e-01
8.200434415753027340e-02
3.050301400439019983e-01
-4.695799630812308445e-02
-2.925373314542703551e-01
-2.090339583424449810e-01
-1.991925466933521793e-01
-6.636008514012109449e-02
7.406295995822653744e-02
-1.336747636064034850e-01
1.965603430239111771e-01
-7.527162427934311340e-02
1.771338045939411243e-01
-1.933093235716848990e-01
1.663177389601803169e-01
-3.004514594428853158e-02
1.414692620093332964e-02
2.382306863834650623e-01
-2.434964993980538728e-01
-1.864736075813674399e-01
2.704184850190757827e-01
-8.432610229128686963e-02
2.704198681907399870e-01
2.158406060414913008e-01
2.279759488246060894e-01
1.833409641862148720e-01
7.674356827235279122e-02
-1.495368996877954881e-02
2.398841328983197241e-01
-1.511375587196538417e-01
-1.800693955006747171e-01
-2.149424044047781868e-02
3.328468991021188428e-02
1.218265471773646857e-01
2.860448609714219548e-01
-2.206578862920844375e-01
2.372909772688568952e-01
1.598220501560587703e-02
-1.826239895800733093e-01
2.192533410725818199e-01
8.376765717407635981e-02
-1.561057952721789654e-01
8.122378222500636902e-02
1.319931407233089771e-01
-5.992946302399937419e-03
2.032865920005939020e-01
9.265556606522157290e-02
2.531332591977918933e-01
2.260821928605188935e-02
-5.845544066761707014e-02
5.501871480242109813e-02
-2.948042243374384697e-01
1.817489492692592190e-01
-3.388943168122948713e-02
2.426654042859617832e-01
1.878332207114125074e-01
2.341389184840275695e-02
1.648167323038721155e-01
-7.911491790324173823e-02
-2.869565020588416004e-01
-1.532841270254534094e-01
-2.745494658087488382e-01
-1.722380354400376012e-01
-1.190782439453739461e-01
-2.861612409496488429e-01
-8.719383323444088174e-02
2.616616841163009188e-01
1.284731980361444315e-01
1.851747422501742735e-02
4.060326932076030459e-05
9.534723265011391113e-02
5.564386173993390861e-02
-2.146515417789263136e-03
-3.649279445771835828e-02
-2.795672749148073177e-01
-1.907162615612898460e-01
-5.657595586818636724e-02
1.505666700000833913e-01
-2.264944736055060082e-01
-9.892563407005597331e-02
-1.789885007365790703e-01
9.542538382371862360e-02
3.906840523698668077e-02
-2.122263643212218831e-02
9.865463216590747431e-02
2.696556266960692949e-01
-8.461850431503134540e-02
2.728116348278032954e-01
2.810528458786163974e-01
3.296181285937316296e-02
1.067786116132876661e-01
-2.430760725279492440e-01
2.250905494875153345e-01
-2.628285756216692248e-01
-8.637511717572546321e-02
1.608087876906599822e-02
-2.654021856683397296e-02
2.593478801986646709e-01
5.306054374933144580e-02
1.377193866311599013e-02
-1.385683018290149726e-01
-5.037348409745701083e-02
1.399745220067880047e-01
-2.282452083071125903e-01
4.558822661468309168e-02
-1.519365295558140205e-01
2.869272053699221670e-01
1.963021800333653033e-02
-1.051098023648662783e-01
-1.114315061111353367e-01
-4.051549556115596751e-02
-1.678323159310175505e-01
-1.752499825445177628e-01
-2.168101555012764414e-01
-8.365248346599080120e-02
-1.231490231778923916e-01
-2.872300057636262283e-01
-5.297069405381210627e-02
-5.074320439883217571e-02
2.910582204665637662e-01
-5.184438601577545658e-02
-4.253086871978722927e-02
7.981540429705197282e-02
1.652562699708475802e-01
-2.135051028627378833e-01
-5.148545241847035658e-02
-1.912269144526124176e-02
-4.760296906547689666e-02
1.207409392620998334e-01
-2.084830088607632359e-01
-6.455187990552274657e-02
2.560911634788465840e-01
2.550725294529971321e-01
2.004736120751210993e-01
-2.271028168215761256e-01
-8.154877834610349541e-02
-1.245715086113704240e-01
1.210127234357357140e-01
-2.226462140870566486e-02
-3.826556369617367670e-02
-1.657411954808629684e-02
-2.742903186570090357e-01
1.479616494278135908e-01
7.872158864984091231e-02
-2.467511241368217922e-01
-1.762043456112305229e-01
1.973054359858543161e-01
-9.406213110720121340e-02
-2.513002508329490459e-01
-2.425769205675595286e-01
2.839174004821496955e-01
8.636402517889957275e-02
2.265432719398852712e-01
2.311097576710218759e-01
-3.330102400909196181e-03
-1.867279299834005979e-01
-3.020040516118213669e-01
2.253636593288227963e-01
2.256720697133569042e-01
-1.071606511195879186e-01
2.297655446696750259e-02
-1.667509676750839054e-01
1.248250505739251781e-01
-1.122062306352784589e-01
1.333448475249827125e-01
2.349585830189848124e-01
-1.517791437674078370e-01
2.608060797746640236e-01
-2.027525463435428943e-01
7.328585897104811231e-02
-2.768738305087014573e-01
2.367549297389603402e-01
-2.679324233189093185e-01
-7.524154925758910761e-02
-2.077738257743488859e-02
1.895013643788503455e-01
-1.814879609962085638e-01
2.922185947188589705e-01
-2.985313921421715588e-01
-5.597806824656204050e-02
9.366374071994032491e-03
7.097849331711147958e-03
-2.004849615395328799e-01
-1.557643729620170336e-01
1.210475193761095247e-01
8.034326035104510932e-02
1.167142738808235047e-01
-2.082789422118057621e-01
-1.626500266985025922e-02
-1.102628559932106456e-01
-1.340470990703867826e-01
-1.147760739716314204e-01
2.647116970176699446e-02
3.033345179695515204e-01
-6.881723909406292639e-02
-3.219884457719646154e-02
-2.328588011989413953e-01
-1.485223739035143597e-01
-2.477216022930472938e-01
-5.345285702711422005e-02
-1.535902459924405328e-01
-1.478014936168485505e-01
-1.992768317503311459e-01
-2.789035678729319678e-01
1.567955462019461899e-01
-1.444234988162777233e-01
-1.490109012278248712e-01
1.130623023462535293e-01
-8.282276409787228677e-02
1.709271411121337514e-01
-5.762494958400699030e-02
2.070098299939801545e-01
-1.466467463589058717e-01
-1.267594451496102115e-01
-2.075228769362168491e-01
-2.981409175799204503e-01
2.023478049222803832e-01
9.340719354573362443e-02
-2.888461833347930052e-01
-1.323951492858928547e-01
1.651891970641894414e-01
-5.305987995769395615e-02
-1.010928340537187997e-01
1.960733694915864356e-01
2.313185156200674997e-01
-1.836655457367554201e-01
-5.696206952625540443e-02
-2.732368489108555343e-02
-7.376306653475300790e-02
-6.371603035351819377e-02
1.397839419771939040e-01
-9.472614856722191834e-02
-1.514435641174585456e-01
2.273966358071866645e-01
1.610741863698495480e-01
2.223670684580716927e-01
4.317056700400873082e-02
-2.081231158391229630e-01
-1.832692539112195096e-01
2.219200113476065828e-01
-1.249794110016117232e-01
1.603977830921115011e-01
9.970226500348478016e-02
6.576718639589423931e-02
-1.328914469866900039e-01
4.413082244939475762e-02
-1.774259393366162119e-02
-1.410218816137389364e-01
-1.827121751014503803e-01
-1.769590162101923325e-01
-2.504293221187640084e-01
5.098658743685785533e-02
-1.015076411897056496e-01
-1.660755747382851588e-01
8.907224229510457558e-02
2.662790359830126685e-01
-3.103698008823763121e-02
3.628903577080183629e-02
-7.404095559145751348e-02
-2.743476427124535988e-01
-2.223626545833123913e-02
-5.086461132389807904e-03
-5.338595730409789741e-03
-1.934393209954429760e-01
-2.963214159289137006e-01
4.669474279404989270e-02
-7.780588177730499155e-02
1.505556728710177317e-01
1.538365283978746501e-01
-8.019075780173592904e-02
2.738033561106162361e-02
-6.762956023083382950e-02
-2.569876193162303202e-01
-1.994723601207210040e-01
-1.866948486439439225e-01
-1.756875237368583087e-01
-6.845676355629967680e-02
-2.269621971934602800e-01
2.829866992091316091e-01
-1.427677335358779886e-01
-2.755194609322485499e-01
-1.809776868262833460e-01
-4.878131958265569112e-02
3.750443692030919207e-02
-1.557577554954275578e-01
-3.042572975454069240e-01
5.775092042563495509e-02
-1.728087358160106390e-01
5.184188322556115835e-02
-2.231945112840205137e-01
-2.370573699617584684e-01
-1.508104759675543138e-01
5.122121038325277986e-02
-2.905745139106952202e-02
2.552118479425357633e-01
2.480974187112761076e-02
1.588450328939864375e-01
-1.730697991119986012e-01
2.075226475986564068e-01
-2.071700280380938675e-01
-2.548395700596617353e-03
2.792588984847197975e-01
-1.736475665959192616e-01
2.585334257576857309e-01
6.063662771964262177e-02
-6.650913132699695640e-02
-3.311610438930850941e-02
-4.975191318502653059e-02
7.388993549265532312e-03
1.174724467221168744e-01
-7.612320139395892249e-02
8.560600610522284271e-02
2.511498449348602002e-01
-9.476291928747349047e-02
-2.625656003669060157e-01
-4.414959793384520825e-03
2.384647948493258673e-01
2.917741099088966283e-02
1.061903214737223711e-01
4.778940206860304851e-02
-2.190359096798779326e-01
-1.300347139664370377e-01
2.988658172055406737e-01
7.095501210074889320e-02
-1.334390136729818321e-02
-1.518196751230825314e-01
8.984045055651468381e-02
1.871043380853708582e-01
2.436124776763921029e-01
-1.866756218150906754e-01
-1.125708365705724578e-01
-1.397132764567984298e-01
-1.659508357974965043e-01
-1.454941435248902348e-01
1.467645575336365416e-01
-8.176777086157349661e-02
9.949944271494076675e-02
-3.089863881376164745e-03
2.187704325759010637e-01
2.311858107711508015e-01
-1.922431237797476711e-01
-2.298361740107723872e-01
-1.794484389993645512e-01
2.837320843900533185e-01
2.007918211271156328e-01
-2.362204007425448560e-01
2.613572964627334794e-01
-2.563960605029730888e-01
-1.166405000185605223e-01
1.647663530014602529e-01
3.427814930049793984e-02
8.717589365756062136e-02
1.421323000301045747e-01
-2.529682920471651442e-01
-2.836154683676608834e-01
1.592215645474839847e-01
-1.351846470831303271e-01
1.738363274586763874e-01
-2.224842171698821203e-01
8.564272743755318995e-02
-1.886970356696018869e-01
-2.741141253554130741e-01
-2.688311004602744747e-01
2.288246828522184084e-01
-5.354810091168188402e-02
-8.752146644231165173e-02
9.917676561505134325e-02
2.360098082207056636e-01
-1.820120089974421873e-01
-1.452835777598088240e-02
1.929460283656898589e-01
-4.448430884761839232e-02
2.382435053613791154e-01
-1.530028010775305314e-01
2.171354276928533777e-01
-4.722145660491217090e-02
-2.014330132593178946e-01
-2.190649724800806109e-01
1.468167217234823685e-01
2.781954671558310443e-01
3.907351236152428742e-02
-1.276563037969336845e-01
3.955383014679347831e-03
7.711311424459665886e-02
1.434647508147307016e-01
1.168355680418661224e-01
-1.581863831179217694e-01
-2.797248601099458498e-01
-1.699752320870377420e-01
-9.806518037836406410e-02
-2.931047630140345417e-01
-2.693665967162530706e-01
1.486559412785533052e-01
2.077559942762601808e-01
1.214890776091268054e-01
-4.017431306773588950e-02
-1.106659186537279349e-01
1.541940828393294494e-01
-5.994990972511948790e-02
-2.986489904853212307e-02
5.564899444540699625e-02
-2.120333193499220337e-01
-2.473474549789729249e-01
2.929493290305774100e-01
-9.488720380593618220e-02
-2.523898875235776051e-01
1.004556419998381966e-01
-3.447350687704436867e-02
-1.006844087712998881e-01
-7.613203286848468920e-02
-1.345443453355858465e-01
6.053284371148953680e-02
-2.736890806863577774e-01
2.900904697082912764e-01
2.590522557522034197e-01
-8.693780379203569497e-02
-1.381385512669887627e-01
-2.818951648314187430e-01
1.838897983682444837e-01
-7.512357655612275642e-02
1.587704290224120074e-01
2.471723196710823856e-01
1.001883464518967815e-01
-1.268617202016880108e-01
-1.910122271183917197e-02
2.819262527484484027e-02
-1.450723435669117045e-01
1.626982116921396049e-01
-2.012443410047428938e-01
-1.665472244807849611e-01
-6.700063073962389537e-02
2.089158085673920584e-01
-1.881735729797209267e-01
1.098515407107381048e-02
1.325821467878189885e-01
-9.174223836399472698e-02
-2.780865402169193645e-01
0.000000000000000000e+00
0.000000000000000000e+00
0.000000000000000000e+00
0.000000000000000000e+00
0.000000000000000000e+00
0.000000000000000000e+00
0.000000000000000000e+00
0.000000000000000000e+00
0.000000000000000000e+00
0.000000000000000000e+00
0.000000000000000000e+00
0.000000000000000000e+00
0.000000000000000000e+00
0.000000000000000000e+00
0.000000000000000000e+00
0.000000000000000000e+00
0.000000000000000000e+00
0.000000000000000000e+00
0.000000000000000000e+00
0.000000000000000000e+00
0.000000000000000000e+00
0.000000000000000000e+00
0.000000000000000000e+00
0.000000000000000000e+00
0.000000000000000000e+00
0.000000000000000000e+00
0.000000000000000000e+00
0.000000000000000000e+00
0.000000000000000000e+00
0.000000000000000000e+00
0.000000000000000000e+00
0.000000000000000000e+00
9.382844343319096669e-03
7.618446446680748885e-02
3.460046510271385656e-01
1.840172227012423778e-01
2.613983577254586632e-01
3.105528394563482064e-01
2.893101497977948466e-01
-2.946007382102676653e-01
7.536453653095964711e-02
2.235163026072597980e-01
2.355037620195590820e-01
-2.643185124941112574e-01
3.863568423362412352e-02
2.410907224778490732e-01
3.638135980145340564e-02
1.498813669489119094e-01
3.223191089779204321e-01
1.382816993386896676e-01
2.181213121442177605e-01
-2.343160326769777591e-02
1.518035852833602983e-01
-9.474099729135571080e-02
5.082220915028767827e-02
2.760565929900720694e-01
-2.043062445168951913e-01
2.723842692728532522e-01
1.876021649955845194e-01
3.458002073243023333e-01
-2.772335757419065461e-01
-2.050366258987020851e-01
3.675915781598768084e-01
1.600527042906100816e-01
-3.768870540683071924e-01
-9.157337103093238229e-02
-1.953400583180155692e-01
-1.909634782280456855e-01
3.201127332620721799e-01
-2.356924823328186147e-01
-4.361207066165201374e-02
3.288912449658944470e-01
-3.276629028997783966e-01
-2.670952598810903966e-01
1.431232346970021108e-01
3.884302414947941595e-01
2.288748842464681243e-01
-1.163126569850277403e-01
-3.714723031776960283e-01
1.151895657625280900e-01
9.020854356243052097e-02
-3.928998804551755430e-01
3.532430604711866429e-01
-2.858329066131850560e-01
-2.701365195672087438e-01
1.202783027117225179e-01
-1.911732736378644604e-01
1.185668412595454746e-01
-1.886274544811749609e-01
-9.680777219717118243e-02
-2.610177776051285647e-01
-3.540024924564696973e-01
2.011409826248326538e-01
-1.615804855518911953e-01
-3.125809695836367919e-03
-3.459160848904045960e-01
-1.728968913421481401e-01
3.167262882282026459e-01
-2.548112706434970676e-01
-3.470909854754922197e-01
-1.828404643118054784e-01
3.508699746013828613e-01
2.639608425994053875e-01
-1.586470548920714541e-01
-9.910802118566003349e-02
-3.217798882887175083e-01
1.849720022855503854e-01
1.844016359461075338e-01
-1.701283565162955425e-01
8.514114156036800551e-02
-5.519047153770517689e-02
-1.017221259848343218e-01
-3.809698250396453822e-03
3.751462417707269181e-01
-8.587902825656162920e-02
1.999123940970496949e-01
1.086510865391064340e-01
2.382968735620250023e-02
1.206572659074526821e-01
-3.274462108308489605e-01
1.154510604500924575e-02
3.428035309857060953e-01
2.395902465817813520e-01
-1.054616455251680129e-01
2.717976339445452028e-01
-3.664708933801756885e-01
3.292744392416996901e-01
-3.353653788046440098e-01
3.056067262501695470e-01
-8.410025863571735094e-02
6.193942215161007958e-03
-2.797981246180164527e-02
1.422159463315812444e-01
-8.189601343014896173e-02
2.702571094203320978e-02
-1.989374242133646609e-01
-2.177387402529568639e-01
-1.504050978219865775e-01
2.998428598793881350e-01
1.804572285385275254e-02
9.198758865517914218e-02
9.453599750503738353e-02
1.744038762077482763e-01
5.050070123201672034e-02
3.108347552911558398e-01
-1.729550799128340421e-01
2.833850910136621049e-01
3.643680939666431029e-01
1.888767432162793969e-01
-2.165337409809303948e-01
2.297331956809332554e-01
2.278544916090874950e-01
-2.891972294464845161e-02
-8.254373458537578312e-02
-1.168815586924833450e-01
-4.877719569726379767e-04
-3.796476087279511136e-01
-2.225123584382840969e-01
-1.877587448473511111e-01
2.681855253815479401e-04
-2.527206363955969426e-01
3.036874685013058461e-01
2.479666968085830203e-01
1.292422958812214362e-01
-2.358230091586825949e-01
-1.547934821206552736e-01
-1.001666747253752154e-01
2.046836562326295739e-01
-1.151490841682371036e-01
-3.563102318335415464e-01
1.461976220681703853e-01
-2.232748550234062435e-01
-4.096774099564548521e-03
3.306263827529132837e-01
4.566594180407973491e-02
-2.249546902123104597e-01
-4.219413325737830789e-04
-3.369955770620141067e-01
-3.023641261654820833e-01
-3.827449744848848145e-01
2.498837311767156399e-01
-2.167738508510893836e-01
-1.230766104554468776e-01
1.881930273849822810e-01
-2.481170839313480703e-01
2.659885754031908189e-01
2.827101798477307804e-01
2.895631030364683167e-01
-2.186123957629091119e-01
-3.061456719569688456e-01
-4.053894157486359617e-03
2.722348916417323683e-01
3.008120916812084267e-01
-1.943094888866152559e-01
-3.147001236142753511e-01
1.212263285302278559e-02
2.537942062613527949e-01
3.414922551566354492e-01
1.373840881383205370e-01
-1.642395969872338934e-01
-3.530218590307437898e-01
8.497047001775548392e-02
-3.914474555911403031e-01
-3.185091025045322377e-02
3.186917090286269238e-01
5.382023375445971203e-02
3.725753002682458681e-01
-3.397131697306210452e-01
3.395401892712952008e-01
-3.433380910265712016e-01
-1.043426189050259412e-01
-3.887693636255084573e-01
-1.525282888464668529e-02
4.683352261714451847e-02
-3.216439723050353861e-01
1.750411406524098878e-01
-3.609239569144900295e-01
-2.205735337369684468e-01
-1.286051670462535212e-01
-2.859155005221359902e-01
-3.910947212833849052e-01
-2.432375444953627230e-02
-3.758978577928746012e-01
1.565573846356899113e-02
0.000000000000000000e+00
0.000000000000000000e+00
0.000000000000000000e+00
0.000000000000000000e+00
0.000000000000000000e+00
0.000000000000000000e+00
0.000000000000000000e+00
0.000000000000000000e+00
0.000000000000000000e+00
0.000000000000000000e+00
0.000000000000000000e+00
0.000000000000000000e+00
