2.839991202537954784e-01
2.630237920694996623e-01
1.222499237085425405e-01
-7.037843768155410684e-02
2.108199331548361588e-01
5.949010570224089189e-02
-2.614940203052507073e-02
1.821117339213332853e-01
-3.708678570156875853e-02
-1.719754827446718926e-01
-3.273366270876466033e-01
1.110903513287215261e-01
-1.398619167186896661e-01
1.077082080074733828e-01
3.144397286218619803e-01
-1.248465991924246066e-01
1.429135612234548325e-01
-6.607725539491293709e-02
2.454939961488711297e-04
-3.328474589520435400e-01
2.440691621387787169e-01
2.392653471990263681e-01
-1.235964345102447959e-01
1.476931471036885268e-02
2.390188798326602360e-01
1.757249060182812794e-01
-2.098831450850600910e-01
4.346330770492767837e-02
1.341339392671166419e-01
-2.098933874907018549e-01
1.237007250000180525e-01
5.768809892534276784e-02
3.151135835519115469e-01
2.376267864422431098e-01
-2.764651027338094202e-02
-3.335413954930066538e-01
-2.552435700267335905e-01
-1.984557459213165398e-02
-6.758977943395444443e-02
-1.935562958306885073e-01
4.402797993343177119e-02
-1.853214889060271209e-01
2.794332335745391971e-01
-1.433400106152616094e-01
2.171876421131087032e-01
2.541501050837541298e-02
-1.592178789244688697e-01
2.488952904748001904e-01
-3.395475645288207334e-01
-1.755776129499042049e-01
1.208960109572776442e-02
2.675877475102031999e-01
-1.548514516192084356e-02
-1.284782151270523198e-01
-1.412375006601786220e-01
-1.037177603904476664e-02
-2.341446930774725710e-01
-7.040319374486719850e-02
2.794211947590421463e-01
-1.901959943514897333e-01
1.597664161239414904e-01
2.911573089409028592e-01
1.616393976334962179e-01
6.825574398750589022e-03
2.926068312608631761e-02
-1.614327710887232259e-01
4.274975105526307440e-02
-1.039153652569749231e-01
-2.069283171242130293e-01
2.196049086093601055e-01
-2.806229946579876788e-01
-1.209293843267993385e-01
-2.176903966520480349e-01
-1.282423225596318606e-01
-1.060515293804542292e-01
-3.711994917066319122e-02
1.607849420636382476e-01
-2.385250663640221536e-01
-1.619213360520738720e-01
-2.525102325499398725e-01
-5.066530356082776798e-02
-2.425273333858105618e-01
-2.033198481982277928e-01
5.272888592908558936e-02
1.135005394548924684e-01
1.262564121192940036e-01
3.136022862530735145e-01
-1.357147443602577941e-01
1.547352160143422584e-02
-5.114086729290939770e-02
8.605016346410143679e-02
-3.395726951943549565e-01
1.405104432669405656e-01
-2.559813210903698621e-01
-1.180854550051118612e-01
-4.774111677969961054e-02
2.880551840097633765e-01
-7.704508935353215904e-02
2.192587693725031039e-01
2.955092875277154363e-02
-1.619699862941718915e-01
-1.428154755515760321e-01
1.275611348342942097e-01
2.301154606216943010e-01
-5.260145171242636142e-02
-2.759423776072790213e-01
-2.533693432200876394e-01
8.020773923422985785e-03
1.965627072395578212e-01
-3.230679260588485979e-01
-1.516277650298051005e-01
1.118867090723543734e-01
-3.000015073854808700e-01
-2.083989231816358867e-01
-2.338724771681218728e-01
-1.805723870846095702e-01
3.205688143092307874e-01
3.334720981686143393e-01
1.964239124454577601e-01
1.212523545404020076e-01
1.506799449809904656e-01
9.193925432535610121e-02
-7.745482196221026294e-02
-3.286775972912900912e-01
6.459668349217467798e-02
4.923265857179148774e-02
2.485458595335809928e-02
3.677434821491953887e-02
-2.396253021268456851e-01
-2.618483749362185975e-01
-1.777715734305733430e-01
-2.928338024414091634e-01
3.166345497293181488e-01
1.618167399086956060e-01
2.186157025166990397e-01
-1.165704941127879701e-01
1.908136435843517109e-01
5.767383914856677452e-02
4.277689614538865426e-02
-3.021474467510805173e-01
1.833553943427961297e-01
-1.786636472020457223e-01
1.530621068927659478e-01
3.030499202407149761e-01
-3.323361818136372214e-02
1.443262535163788440e-01
1.824770037540516254e-01
4.741353527384328803e-02
2.691732292740998123e-01
4.857059654173884189e-02
7.908892481331236679e-02
-2.210382870162245772e-01
1.508564435853649299e-01
-1.325377449188813450e-01
-2.285559450006675319e-01
1.137943312361889836e-01
-4.048392724106808505e-02
-3.033275234262250430e-01
-3.202489387601676341e-01
2.420630893994490940e-01
1.552067758230259442e-01
-8.138827737939191564e-02
1.745508427879753910e-01
-1.709914205655977959e-01
-2.339359703830362069e-01
-3.319133338703322833e-01
1.803950477733731184e-01
1.789951660449433657e-01
-2.539740615161343307e-01
-2.943933057098840900e-02
3.288354547648139059e-01
-1.147413203504372980e-01
-3.260797417210332116e-01
-7.568740100266790893e-02
-2.447791582750861450e-01
1.622970103377320283e-01
2.965587731787445724e-01
-1.312537570797966402e-01
3.257965813719220227e-01
2.503294375364084612e-02
-2.802674507174356400e-01
7.835239352010636704e-03
-3.336503082282645805e-01
2.939162950666992513e-01
1.619872868774933083e-01
-2.250661062042649263e-01
-5.883442397993016160e-02
3.237026083022925826e-01
4.308000560944225121e-02
-2.475406306694655778e-01
2.491483793994447860e-01
-9.523708282134657477e-02
1.769907542245836574e-01
-3.166472819713232467e-01
1.117675940829064851e-01
-1.334201982634723727e-01
9.574865704599438976e-02
-3.360755911638618754e-01
8.667475754198766813e-02
1.363700152862594162e-01
1.319632895729779265e-01
1.996184781943245445e-01
-3.287069316090718285e-01
-9.506454555918791849e-02
2.562963642560827093e-01
-4.584218791912780810e-02
-1.078343699158124669e-01
-3.647604089664152616e-02
-1.708219626668278091e-02
2.373150723803038042e-01
-2.880939468969289097e-01
-1.886635370362760300e-02
-2.684646874657490301e-01
3.241758084482654345e-01
6.621354681017832533e-02
2.998340530898611078e-01
-9.628851240273816892e-02
-1.750459670506675502e-01
7.125584896127290513e-02
1.354965544323155635e-02
-2.974300696662074417e-01
-1.230080731162780661e-01
-8.644676768704573355e-02
-2.197948108631235797e-01
1.818732952498972599e-01
3.305756424806775007e-01
-2.410496413926982995e-01
-2.160579850736632501e-02
2.261138350080350579e-01
-1.521867148787725277e-01
-2.713429118728617473e-01
1.859472089854086185e-01
-5.269088092119283973e-02
6.432477916947337837e-02
2.639734448564842184e-01
-2.069534019493460275e-01
1.181609540523633761e-01
-1.456402275724484330e-01
1.219596286139664754e-01
-1.704256102566202857e-01
2.031398366624200813e-01
-2.452407949220230532e-01
-9.071699173845618192e-02
1.473687020268876768e-01
1.175346700453813731e-01
3.170589365385315661e-01
2.974261944657170531e-01
3.351436619180738763e-01
-2.954845881300838251e-01
-1.679133075805861464e-01
-2.434053157639156639e-01
2.226474568077914107e-01
-1.697828754105521476e-01
-2.616421901004978290e-02
1.368780469392340549e-01
3.027294547099851352e-02
-1.168316043794158099e-01
-1.809925734831860922e-01
1.583822974702767672e-01
-2.314054703971974714e-01
3.294945302534104670e-01
-1.667697992573924648e-01
3.163246358001754466e-01
-7.985030030173800863e-02
2.784151440095820051e-01
2.630343287414554920e-01
3.586942866463749269e-02
8.967570772757582631e-02
-1.600893592974862445e-01
-3.168235327697832560e-01
3.628842189472519797e-02
2.644261582750691009e-01
2.791199538583813977e-01
-1.811456872296365317e-01
1.956878286397500943e-02
-1.056872970916511445e-01
6.409253700329231584e-02
-2.406771779535513411e-01
-1.120466932142571981e-03
-1.412731931370209970e-01
7.988141603131415636e-02
2.181020245676368319e-02
-1.643740053359677156e-01
-1.701285489274941831e-01
1.780599677871738118e-01
-1.438514679317763334e-01
-1.189887099651760205e-01
-2.572614570528359290e-01
-3.167736425849120852e-01
1.902899048746939936e-01
-3.344563039882562094e-01
8.189080555560307451e-02
-5.181716606137509729e-02
-9.360028040237938773e-02
-3.693291689684907730e-02
-3.077411793433750264e-01
2.201254600485065271e-01
-2.292193687990003448e-01
2.661862344894697641e-01
9.544262456415814055e-02
3.372563164244835043e-01
1.233004886780353915e-01
2.520355065510221371e-01
3.364846404784416212e-01
-2.035546152069674097e-01
-3.199565476270414544e-01
1.848489158174300151e-01
8.933390257832019010e-04
1.078990753689615945e-01
3.136582987556670865e-01
-7.617475165916620661e-02
-3.031582886041496727e-01
-2.959811225008708857e-01
-2.485752625857706732e-03
-2.131783854253470611e-01
-3.278067334775081609e-01
1.106263870978435593e-01
-3.165198463229993431e-01
-1.165766940008273744e-01
2.234158540738857557e-01
-8.016654521412081014e-02
-1.146425356383981298e-01
-7.486285673160203435e-02
-1.407786822207205690e-01
-1.563731004556664361e-01
-2.149108465502451160e-01
2.812871417890338011e-01
-3.004301287090875849e-01
1.140123871244350662e-01
-2.175638883524309564e-01
-1.426426276830562168e-01
-5.806945928038265148e-02
-1.305618534095779604e-01
-5.503277745925516662e-02
-2.632882129723823073e-01
6.434369395445521667e-02
-1.098979694504314819e-01
-8.963486014737287455e-02
1.485879962580142766e-01
8.606863732511421672e-02
-1.917032657819789931e-01
3.002081686867998922e-01
-9.462795872787266305e-02
-1.333085444483677606e-01
9.351759810299808962e-02
-1.665163015015324321e-01
-2.260702758946526447e-01
1.281646783389267519e-02
2.275657776261043042e-01
6.705690929421975754e-02
-2.078667943016210551e-01
1.110217214182571133e-01
1.777834720522555312e-01
1.504009365244350915e-01
-2.157537066057940711e-02
1.490708127519776438e-01
1.269092617392433842e-01
2.963707280922559528e-01
2.643022105877241845e-01
1.159194504759677447e-01
-2.014934443977970113e-01
1.346551514576245778e-01
3.286134275659323700e-01
-2.816433972323043045e-01
-1.088394490148490434e-01
4.042194050089686908e-02
2.451205504110062217e-01
2.403015930008659540e-01
-2.110074916944972567e-01
3.345424521533669759e-01
1.234194481963307721e-02
-2.089253222486233130e-01
1.162446286161919473e-01
-5.625485566265847615e-02
1.391722710647151362e-01
2.835119878998151322e-01
3.256723059958379629e-01
-1.879160587733821886e-01
2.161604548150840577e-01
-2.103582611471453423e-01
2.266396771265306587e-01
-1.302949265212356433e-01
4.206690659330264426e-02
-2.819718858569796316e-01
-3.272704968875116971e-01
-1.282687116094762825e-01
-1.686458863600830971e-01
1.902679412405683390e-02
-4.414819276443204821e-02
-3.272199906643377121e-01
2.744641194897387004e-01
-3.195705524656862750e-01
1.411797252103497158e-02
-2.031770319698911198e-02
1.480990454146791091e-02
-2.573117426354751269e-01
-2.834911839034787717e-01
9.995732439759991150e-02
3.003603146119893097e-01
2.063277123583311390e-01
3.208780267330102465e-02
-2.943777890432193178e-01
-1.149107346110717076e-02
-6.974368102651223866e-02
8.854061994592932194e-03
3.298558316787159050e-03
2.859511805447773058e-01
-6.876647219933945676e-02
-3.389902743866852752e-01
-1.634706165376601517e-01
-3.251818427139365753e-01
2.549666090989828326e-01
-4.913037062897424034e-02
3.063566920038690577e-01
-7.955105594745465192e-02
-1.635319714833921578e-01
-5.812767349819619733e-02
3.031639191817531165e-01
-1.332311155649168188e-01
-2.291856590182572151e-01
3.205428558095884117e-01
-1.781366967304220394e-01
3.054575358837515742e-01
3.338966070937462449e-01
7.221557327933908477e-02
-4.314854216876462534e-02
-1.620756471264561682e-02
3.660755034494084237e-02
1.726847352138022318e-01
3.256717002977215225e-01
2.157860387046326434e-01
3.387561837075613314e-01
-2.254425731100923036e-02
3.383500455770593884e-01
-1.876743251642069288e-01
1.741806565128388717e-01
-5.671316132902337603e-03
-3.215498591800202699e-01
-2.858590161194984880e-01
-1.338131340335612096e-01
1.695731677621268307e-01
-2.673713063058336670e-01
1.664405161352101592e-01
-1.283822145989860497e-01
1.065993453917298273e-01
-3.326969474076515443e-01
5.020794808099748874e-02
-1.621547806546820847e-01
-1.952155510114181591e-01
1.589330801521355863e-01
2.403837461284588084e-01
3.251715806369092077e-01
7.042868015092434986e-02
1.870020507153757894e-02
-2.810132407210971794e-01
7.018244946800966666e-02
2.045224248607965256e-01
2.861305998226207903e-01
2.039983483243129614e-01
-3.343095777038233574e-01
-2.449749525004616402e-01
-1.016113540460318321e-01
-9.124280472905865746e-03
3.197325233166348202e-02
1.706759772499514272e-01
7.950984382950215812e-02
-6.849049384655159223e-02
2.944999282975424570e-01
-6.552869615031470252e-02
2.693530569203537173e-01
-6.192321067160477810e-02
-3.185429519226637973e-01
1.212759241927345299e-01
1.960167881242432797e-01
-2.786425691212089939e-01
1.274648230595532006e-02
-2.715916589096257217e-01
-2.578294210554974986e-01
-2.854143636640970039e-01
2.280010563438730209e-01
-3.206713668786879134e-01
3.174760518021113587e-01
-2.018760092814649298e-01
-1.561897064905385657e-01
1.792138799689494411e-01
-3.127863034365281347e-01
-1.039478898856338873e-01
1.277967671270874295e-02
-1.388344587169887678e-01
-6.180391312550914673e-02
2.419769133859728250e-02
7.631541823592069562e-02
-2.504853286708510485e-01
-1.416848141013671292e-03
-7.859947032273362222e-02
-1.308425097578060359e-01
-1.402067470661750859e-01
-2.581190463547543557e-01
-7.093135614949047651e-02
-1.837342455027904664e-01
-1.935587977107946223e-01
-1.629705859394686429e-01
2.217620775716243608e-01
-1.711847831712724199e-01
2.658583802665310802e-01
-1.280153296271847319e-01
1.396748567361937310e-01
1.009708493797790707e-01
-1.804818296313391301e-01
6.842002219696097232e-02
-1.246138852143058307e-02
-3.102313343493152686e-01
-1.467669263207071195e-01
1.659763927024662244e-01
5.339924217207209223e-02
-3.083135416312742794e-01
1.583248407286657611e-01
6.591595534633171161e-02
-1.835166337875399900e-01
1.879059027695921813e-01
2.852823365607848327e-02
2.359706147068240112e-01
2.050701855529909468e-01
-2.345275105579708863e-01
6.325246819377711160e-02
-2.383398424390784920e-01
-2.959799121919127196e-01
6.911267172186297270e-02
-9.179515716791641911e-02
-1.462087723422378360e-03
3.506424511333988692e-02
-3.338757589532163617e-01
-6.098671830868890309e-02
8.314643576817837278e-02
-8.627937031751642394e-02
1.032093346318309623e-01
-2.388974050679505967e-01
3.252195929524199780e-01
-1.228827469220021285e-01
3.916534782272440562e-03
2.786373486688594747e-01
-4.414510364403056997e-02
3.370776938662054523e-01
-1.805917662098701915e-01
2.176854150906881724e-01
2.771211965796924748e-01
-2.773097508910426501e-01
2.896452878691547772e-01
1.479022950657734592e-01
1.562266852891039393e-01
1.628551491861983669e-01
2.059907411137568145e-01
1.257169630410359118e-01
4.559485374608329700e-02
4.517684416086814592e-02
-2.564492996657808943e-01
-2.255727842156831087e-01
2.210776643928811236e-01
-5.579770412763418452e-02
-2.500264692618355822e-01
1.983258364487130443e-01
-2.946770920155096785e-01
8.851479734400097277e-02
-1.439739653683568543e-01
-8.016300002249326928e-02
1.355244438378503946e-01
8.966523630098033326e-03
6.631498855253670222e-02
-2.675875307131648229e-01
-4.604088212111667744e-03
-2.990306636246393701e-01
2.794918780970354621e-01
2.146163292152252211e-01
-2.852893758724965867e-01
-3.774678403913572788e-02
2.271480934533798290e-02
-1.116977791085183025e-02
1.029977011294723743e-01
-1.197208702380318235e-01
-7.937128340216864641e-02
2.085987587370642382e-01
-7.399723525395723867e-02
4.747535400927982430e-02
2.014160980036090454e-01
-2.522319466543447852e-01
-1.826670589784979426e-01
4.432529507602200880e-02
-2.423694466590446961e-01
-1.341951114046736337e-01
2.189287987673423919e-01
-3.180063015711119823e-01
-1.956134396067052139e-01
1.212661748364957659e-01
-3.059148031935856604e-01
1.391745600715764697e-01
3.719487084557770995e-02
-2.242174511344604548e-01
3.334438194800057875e-01
4.516386758165980009e-02
2.616040285502356788e-01
-2.863009434251164165e-01
-5.692228194587389822e-02
3.070392636623642257e-01
1.248911565805943535e-02
-2.857918930725544815e-01
-3.075364207752731005e-01
-3.262230384139978567e-01
9.471413579164900121e-02
-2.084285941513452922e-02
8.220330311231027753e-02
7.637442995816368096e-02
2.880570083527957959e-01
2.047967565028268044e-01
2.237695014521962067e-02
2.850746819830470846e-01
-2.487129618115822838e-01
1.998944547978939168e-01
-9.422363088826468669e-02
1.766090207961962255e-01
-5.937321472563850122e-02
7.530859201794459779e-02
-2.097368596410664754e-01
4.602309330173276480e-02
-6.231613004532010613e-04
2.596676924889839144e-01
2.382118191322163403e-01
2.222055002469042195e-01
-3.223296183343363208e-01
2.285426921150042201e-01
2.390581945312110212e-01
-1.991323638804913809e-01
-1.003301065023703975e-02
1.433087036993085372e-01
9.912687636127642810e-02
-1.390275103891937258e-01
1.163866585693923428e-02
-2.760249250171781243e-01
1.963108755231937064e-01
1.147311149393875906e-02
1.819472712808090087e-02
0.000000000000000000e+00
0.000000000000000000e+00
0.000000000000000000e+00
0.000000000000000000e+00
0.000000000000000000e+00
0.000000000000000000e+00
0.000000000000000000e+00
0.000000000000000000e+00
0.000000000000000000e+00
0.000000000000000000e+00
0.000000000000000000e+00
0.000000000000000000e+00
0.000000000000000000e+00
0.000000000000000000e+00
0.000000000000000000e+00
0.000000000000000000e+00
0.000000000000000000e+00
0.000000000000000000e+00
0.000000000000000000e+00
0.000000000000000000e+00
0.000000000000000000e+00
0.000000000000000000e+00
0.000000000000000000e+00
0.000000000000000000e+00
0.000000000000000000e+00
0.000000000000000000e+00
0.000000000000000000e+00
0.000000000000000000e+00
0.000000000000000000e+00
0.000000000000000000e+00
0.000000000000000000e+00
0.000000000000000000e+00
-8.795022282449729834e-02
6.725836071267121685e-02
4.757091721177636456e-02
-3.067484491722072271e-02
-5.247841057155261391e-02
3.056427528625667578e-01
-1.528176382832062974e-01
3.853834865354782702e-02
-2.546934373650398542e-01
1.730470201310223000e-01
2.648548140995921618e-01
-1.177479966448649606e-01
7.186253766533312604e-02
-2.856368651892433053e-01
-1.251239977351537025e-02
-8.913058720999178508e-02
2.991902433090831703e-03
1.365124127532201803e-01
-2.889615585910059181e-01
2.196643521970523261e-01
8.821641544464742246e-03
7.580523666313565556e-02
2.987868320619379570e-01
-2.675977839823420190e-01
2.972038761608805646e-01
-1.185873660157298337e-01
-2.570165333335003854e-01
-1.044303038594689426e-01
6.725838355639890409e-02
-2.496388438540441679e-01
-1.515804919146901408e-01
1.480240427115206980e-01
1.046808638208572284e-01
-2.125346429991479824e-01
-2.231307918325258766e-01
-2.293168153242093332e-01
1.547977619099076274e-01
-6.039443975414612864e-02
1.395691446391341128e-01
2.646252677342481041e-02
2.652731367985950439e-01
-3.978361646318379075e-02
3.628988184388065585e-02
2.639791470968061438e-02
2.386060768172623692e-01
6.680820718836855132e-02
-2.247101634388484204e-01
-2.355303701932777716e-01
-8.673241973760920098e-02
2.909111391566970850e-02
1.658827319230197772e-01
-2.218386513481765410e-01
7.585514048089070371e-02
1.557564755077140983e-01
-3.959599758113774293e-02
-8.597335862177313270e-03
-8.820293057996045349e-02
-2.368475601232661321e-02
2.609931696647966315e-01
-1.032549189899196751e-01
8.549655566036679089e-02
2.381139436589050917e-01
-2.067751676440462427e-01
7.818256378349774938e-02
2.014916298928876581e-01
-2.882102022904343697e-01
-2.924117700486663640e-01
-2.062958464465545205e-01
2.716935600270177775e-01
2.041045718273545861e-01
-1.862516532136777869e-01
-2.674871174474076074e-01
-9.153164002053315595e-02
6.465933250138239385e-02
5.924959180986155705e-02
-1.932864669967163662e-01
4.075325109012400970e-02
-1.573348862508596457e-01
-2.819850143906281748e-01
-3.375119047494945512e-02
2.047337117057263511e-01
3.576406378231405947e-02
-2.771853856675340344e-01
1.717966239789971428e-01
6.746479841824642998e-02
4.051776674440932258e-02
1.903604703315386892e-02
-1.974598722961010688e-01
3.972926373558999247e-02
3.693801523476542004e-02
-1.377168761437822242e-01
1.380334337724151150e-01
-2.354822265683977345e-01
-5.113433950198303934e-02
2.248695681538098179e-01
8.416500166765922275e-02
1.561732623153899713e-02
8.804304582212191255e-02
7.477388120343420042e-02
6.050771052209841239e-02
2.374197518883141567e-01
-9.786916658739677755e-02
-2.306940940479130786e-01
1.185033577176803354e-01
1.083903156006533197e-01
2.216821559293557509e-01
-2.852850901272693251e-01
-2.538877879622035150e-01
6.111905367552922241e-02
-2.857559238646522060e-01
-2.486835081574674533e-01
-2.040246083424155921e-01
-1.896914947108560845e-01
2.256433450079367575e-01
-1.945258115195841464e-01
1.030141286208756668e-01
-1.899764443812961834e-01
1.140749807750785494e-01
3.110867958121427135e-02
1.559658160957443918e-01
-1.313883354381873148e-01
3.288582386713445604e-02
2.817332718359588095e-01
-2.701717552178437565e-01
2.528188737105483974e-01
-2.485735299803239484e-01
-1.431352082445318252e-01
1.513428221347593028e-01
2.432862801859860258e-01
2.367514243590593259e-01
1.300845425879437189e-01
-7.981966868220741196e-02
-1.925175737716253166e-01
-1.466738331972939069e-01
-5.356805729032815266e-02
5.975219307781165501e-02
-8.046138421268253516e-02
-2.320281083110359022e-01
2.020034402736762824e-01
-2.269954735083578035e-01
-1.313685274244919821e-01
-8.113860450058285601e-02
1.345526082184579364e-01
-2.106007137392001960e-01
-2.554777269323837974e-01
3.019451701655714859e-01
-4.951734296473109254e-03
-4.808238166150802240e-02
-2.071331200315160159e-01
-2.557272025621574185e-01
2.948040573043275159e-01
1.233938608219452560e-01
-1.344381933598427226e-01
1.946397301946790059e-01
2.878576031876974306e-01
1.346304650432938455e-01
-2.834669461154708525e-01
-2.584074594641611045e-01
1.303496981024427348e-01
-5.331699714764653875e-02
-6.019028026007497423e-02
-1.984306486373431655e-01
2.623449313748644207e-01
-1.020196399309116209e-01
-1.300187255239837469e-04
2.130819498960274117e-01
-6.962213328656477462e-02
-4.591957434359328349e-02
2.072308734645914030e-01
-6.102670834633325270e-02
-2.932673842942085107e-01
1.159020575653841312e-01
1.798556008814215512e-01
-3.046933058343786471e-01
-2.223923658861599595e-01
-1.972193686331965012e-01
2.992761839209640007e-02
2.043221614485122850e-01
-1.531198003120530227e-01
1.946318605798781909e-01
2.081992797283501173e-01
2.467296523575354672e-01
2.600459766324668132e-01
2.257355067290299222e-01
2.336048856186578870e-02
-3.048817318070902727e-01
2.381630370433543420e-01
-9.824153345798730674e-02
2.425315497348436433e-01
2.463409000118271241e-01
1.150291099509415105e-02
2.474852495967094224e-01
1.316748006437373775e-01
8.635929198478092816e-02
9.479002350650456155e-02
6.650379809275702714e-02
-9.261239316964831048e-02
8.239694241752326676e-02
-2.971595692727123650e-01
-2.631923532501788676e-01
1.534176770620392927e-01
2.949208250538562504e-01
2.780905894737155104e-01
-5.544007553508339958e-02
8.590773275537116893e-02
-7.253495251331423810e-02
6.653040127479109556e-02
1.925019874178057200e-01
1.188169586061372240e-01
-2.146076857138381200e-01
5.187754156642360170e-02
-5.544850215630170442e-03
-2.560457217820137354e-01
-1.340817705221325762e-01
-1.757839850533993442e-01
-1.084319464847344205e-02
-1.362438827089845483e-01
8.922798200362841436e-02
-2.601521987895292209e-01
2.114353963122074798e-01
-4.091357771827258683e-02
-6.024245342449616181e-02
-2.852379305257066733e-01
-1.421014065546924166e-01
-3.449128159180764319e-02
-1.859927522473633910e-01
-2.461892669705961212e-01
-8.694555991608629575e-02
-1.242789924956633485e-01
-2.783197247371083649e-01
1.269305265594944943e-01
2.729196386230993698e-01
-2.011477423884923121e-01
6.186658182384335847e-02
-4.539750497007027930e-02
2.164241231371717977e-01
-2.494648398786978583e-01
-2.503457087374518220e-01
2.077517714995094633e-01
-3.590096266624970278e-02
8.931494125876238144e-03
-5.563806999896320216e-02
-1.396999555286388972e-01
-1.547819180546722295e-01
-1.963891168072107174e-02
1.410296830104545429e-01
1.290525903954507503e-01
2.275159002596070512e-01
-2.985269825918371867e-01
-5.662821168986975628e-03
6.737443059474484963e-02
8.088073645480636786e-02
-1.242927093160584029e-02
2.718956466132165795e-01
2.096625376045898048e-01
2.903696086020321476e-01
2.246672822025252980e-02
1.289334376703138441e-01
4.563852155200742722e-02
-1.666628883979504039e-02
2.898693848549779850e-01
6.667568686628189134e-02
-2.342191862993969476e-01
-1.652756795164569970e-01
2.707421433892616691e-01
1.223271130464606005e-01
-5.646426152902098150e-02
-2.317175716886921144e-02
1.166979325288204916e-01
9.665740282811646766e-02
-2.702271772061450306e-01
2.405973526493485060e-01
-2.723225430709241279e-01
-6.753542377994542489e-02
-2.664463191731070157e-01
2.155723991672531259e-02
-1.074683119867757275e-01
-2.878707676262039494e-01
2.473019166671607816e-01
1.404029508125609893e-01
-2.884032637593080817e-01
-9.869252148696114335e-02
-1.982983902164419665e-01
1.410847611783151434e-01
3.524706213031153501e-02
-1.021215610976582422e-01
2.995215743782876916e-01
2.511237146313511359e-01
2.739686010972368080e-01
6.290850726236052459e-02
-6.539053882014062014e-02
-1.659551172203217184e-01
3.417780989226482102e-02
2.330940505508171667e-01
2.018145748298449393e-01
2.607972914913802565e-01
-8.861813874063351193e-02
4.449734110007519394e-02
1.452732020784713307e-01
2.282819688883802600e-02
-1.752410316221961195e-01
-9.910203686606955387e-02
-2.744948519745133986e-01
-1.687983513819918679e-01
-8.463883125625690229e-02
-1.670696043151675969e-02
1.253573123336335637e-01
8.789798892171790667e-02
-2.391422935985810239e-01
-1.788514465051656566e-01
2.089639989061609637e-01
-5.433624565915462501e-02
1.686600808271113694e-01
-1.273737638041179954e-01
7.802790713151153135e-04
2.258748727574650395e-01
-2.744101077450970538e-01
-8.443816444996718462e-02
-1.138412672639502743e-01
-9.876822228927167879e-02
-2.953539929243629292e-01
-2.016370784474361688e-01
1.554428550580340129e-01
1.159458169058661947e-01
-2.984680173382229240e-01
2.589960791204080626e-01
-4.691747614623170692e-02
2.912637648014923530e-01
8.756615057524530510e-02
-2.061041535318856865e-01
1.437480508231284149e-01
-2.795452032398677567e-01
-1.770427774338962090e-01
-2.460082131098011438e-01
-1.085038259575415998e-02
2.734559600817804692e-01
1.695632874985279481e-01
-1.904123948179463621e-01
2.320105758769858695e-01
-1.597305990400750830e-01
1.646415378545907360e-01
2.371392271506134741e-01
5.777777483221785415e-02
2.327589009807845000e-01
1.882054980252925724e-01
6.960147591408349932e-02
9.174055251354357177e-02
2.164244370016221719e-03
1.054825540597048583e-01
-2.490327062329553420e-01
-1.302780657265700803e-02
1.275915663459616933e-01
2.608373887448467987e-01
1.239686859211608372e-02
-3.006618893187261166e-01
-2.878726273669456881e-01
2.600060521433302241e-01
-2.368148191203369168e-01
1.087792646245344108e-01
-1.840722087943681418e-01
-1.483610905871402541e-01
5.522611602103488782e-03
1.074316676645829527e-01
2.657377842084006070e-01
-7.211185253416391161e-02
2.976353595651811124e-01
-2.860269216469663034e-01
-1.066157809201118967e-01
-8.326192711657839918e-02
-2.256177476562514217e-01
2.188821127254953480e-01
-2.823611471085477609e-01
-2.308709104200378781e-01
-1.790188874154080290e-01
-2.370966046555106344e-01
1.041365627795786120e-01
1.380112626872204151e-02
1.994874061195641146e-01
1.598428732352214499e-01
-6.326375467154402021e-02
-8.231874612209563735e-02
1.267296622126041217e-01
1.343233586140287761e-01
-1.172120258044425933e-01
-5.671811127330506075e-03
-1.030984657960937190e-02
-2.740539196754988582e-01
9.749182338514628121e-02
-1.432942971389752074e-01
1.512332034779567125e-01
1.351786224333167974e-02
-7.817791063089044035e-02
2.503990975845543643e-02
-1.659789983107582134e-01
2.552652952440534473e-01
-1.599468071412848136e-01
1.042238111724923533e-01
-2.635215424771058523e-01
-2.866824834086175167e-01
2.012217950633404251e-01
-5.482074735085068484e-02
5.799166829515128851e-02
2.837709972324306551e-01
-6.773941199289437720e-02
3.030343851707322789e-01
4.124474916689008230e-02
2.652034532378247378e-01
2.896512246473363361e-01
2.954526163472944167e-01
-2.373343892777478314e-01
2.861710486044218293e-01
3.474175103281884613e-02
1.919244381902596164e-02
2.596501905070023875e-01
-2.310304512586514036e-03
5.784674294335256928e-02
-1.516750135789890486e-03
-2.397606498157221211e-01
3.714026672608239377e-02
-1.495412297669497237e-01
-2.313983890192997106e-01
-1.285825019978069916e-01
-7.458267875667773383e-02
1.725135384860482790e-01
-2.156022696858321264e-01
1.327146472395179244e-01
1.098895911364472511e-02
-2.462625085684497783e-01
2.756194659346526410e-01
2.725397065370288030e-01
-1.410627906841938617e-01
1.732633454461842692e-01
6.948271905662001258e-02
-1.069608250427276641e-01
-2.613067191866834671e-01
-2.206007991560982595e-01
-6.002596386754824320e-02
2.347673113748252605e-01
4.510369955319931679e-02
2.237632638522867867e-01
-8.345920093389336269e-02
1.949862653323562456e-01
-2.118622732940932396e-01
-2.423650886521411807e-01
2.594053625347907954e-01
7.114127685537291468e-02
2.640795732876363711e-01
-1.044346897577664579e-01
1.625786585921082938e-01
6.504625015872600446e-02
-1.653896281004402780e-01
-6.935626433063316054e-02
5.093419487877892671e-03
-1.173866816807552227e-01
-2.615620156881481861e-02
1.298015154543598060e-01
1.577811604445826799e-01
1.849215792097402833e-01
1.309738712637131819e-02
-2.146936661181514938e-01
2.842012939693071005e-01
1.002422575247818859e-01
-7.725889686089354447e-02
-6.578543426707020303e-02
1.941185951147134658e-01
-2.746287741441478802e-01
6.998212571582296260e-02
-1.498186507427148317e-01
2.203428461291297435e-01
3.584336217926475943e-03
-1.945325181233219514e-01
-1.504240925482130953e-02
-1.197880354406063719e-01
-2.744021186921256628e-01
2.583123060256987125e-01
-1.742892531997393968e-01
1.009324332300811644e-01
2.169746485516818590e-01
-1.152195159271979241e-01
7.732245664849846101e-02
1.178285005620849368e-01
6.975510548123270427e-02
-2.428216592151648534e-01
-2.790055548435937949e-01
-7.203338769548653375e-02
-1.905887247421679809e-01
7.283302510500760940e-02
2.402296287448604795e-01
2.760412271923708416e-01
-2.310687239603921583e-01
-2.107063172974258103e-01
9.119788814959928214e-02
2.386842189671982140e-01
1.739860878510341435e-01
2.670632985170707241e-01
2.529914233792540657e-02
-1.181464686391945351e-01
-2.866377522493231411e-01
-9.575485377900957995e-02
1.357103204884180792e-01
2.055555606987656270e-01
-1.945027628984365986e-01
2.834096649446756211e-01
-2.350022099788454111e-01
2.151721658377124258e-01
7.665120433850469706e-02
-2.177922975147434659e-01
2.350257368757792675e-01
-2.149652176916412305e-01
2.694162856863478450e-01
-6.115519320516746293e-02
2.808483323008317822e-01
-3.000280199869541642e-01
-1.082013576766371332e-01
2.031650143278444509e-01
2.735186549223839747e-01
1.481529298959588514e-01
-2.417182030586972341e-01
-2.144242143671940826e-01
-1.395369207982548043e-01
-1.928741109716092250e-01
-5.840740784497680527e-02
2.494353908437550449e-01
1.213690647457639216e-01
1.261894418998452116e-01
4.838813691203541767e-02
-2.712828899131899951e-01
-9.530519143002888494e-02
2.971888115979559042e-01
-2.244631003478182452e-01
-1.220031211427744788e-01
1.671107088161727927e-01
-2.315552180883750366e-01
-2.468957768347133097e-01
1.149981511731057449e-01
-1.437716917640933789e-01
1.441344862259936188e-01
1.028689971048671326e-01
-8.461020202922275857e-04
-1.394578088649677805e-01
-2.082665134941349139e-01
-3.647003994243941394e-02
2.964771792609028345e-01
-2.151045350665231060e-01
-1.479044215303132737e-01
-2.924502673550721799e-01
4.746489752696941844e-02
1.430436078214363249e-01
-4.595445147894633431e-02
2.744776478893427574e-01
-2.177922854860905866e-01
1.922294170270119618e-01
1.211482619389327997e-01
2.595942097195224618e-01
8.821400373204646428e-02
7.977784128798626195e-03
2.179169641137246871e-01
1.818078269684887949e-01
-1.987150690395209640e-01
-2.140006253713964135e-01
2.728085091427689401e-01
2.579787330299231907e-01
4.433934675824752203e-02
-1.052239119313285176e-01
-2.421662895157675188e-01
-1.277134438117244475e-02
-5.420152373855624539e-02
-3.054450899870150282e-01
-3.030226230271442223e-01
2.136284849082142889e-02
-1.378861601230994549e-01
-1.583639085546252045e-01
1.704374148608780448e-01
2.779931273145984094e-01
-1.601755570790786565e-01
2.108035953287588637e-01
8.051384211415152370e-02
-3.001389479138101279e-01
-1.755889590128096311e-01
-5.353380208943220309e-02
8.819368545466710341e-02
1.597918311263961111e-01
-3.653040202690382987e-02
-2.838022811840711368e-01
1.754464829340516285e-01
1.776234589513446815e-01
-1.341533954451393507e-01
2.951849798328385899e-01
-2.979972006291587427e-01
1.664897850213048480e-02
2.290586601876509198e-01
-2.570597350456777508e-01
1.007380886782671681e-02
2.337082309276956038e-01
3.122938574757289087e-02
-1.422441559302757563e-01
-2.128669529090126966e-01
-1.124180956702161005e-01
-2.930606628966031524e-02
2.647834962914937251e-01
9.978935879268308051e-02
1.023868913336740127e-01
-2.679870566057670489e-01
-3.052848992707768994e-01
-2.906589537508963428e-01
2.454380572478374600e-01
1.346853197720281892e-01
2.234792072835707910e-01
4.692422215912972483e-02
1.204357516775679260e-01
-2.585810403772195176e-01
-1.562867477946301153e-01
1.807677384373590490e-02
-2.502567524841455282e-01
-2.084568720775213935e-01
1.449269675152337067e-02
-8.362908145174430263e-02
3.823847284692921678e-02
1.606309313948443007e-01
2.332619484633067786e-01
-2.507834920317127958e-01
-1.245356752281366886e-01
2.976516837200103294e-01
2.582460144371805932e-01
5.993636075423824927e-02
6.705297078030164615e-02
-2.736960256265040803e-01
-2.147411124911007552e-01
-6.341304326050517526e-02
4.918231678171836041e-02
9.904037304819035548e-03
2.870381123609401786e-01
-7.183056016366395902e-02
4.059024665319249658e-02
-1.763906543793092585e-01
-5.403138710588401006e-02
2.613435213116327982e-01
1.578499363134671651e-01
-1.604727462660459902e-01
-5.129391044351205853e-02
2.166210744391827703e-03
-5.162563237763395652e-02
-8.987074866149297181e-02
-2.045346698943294461e-01
2.222066345599819637e-01
6.844242337938638565e-02
1.921240936908555352e-01
-1.675908375869913924e-01
-2.712797359274052300e-01
-1.474409981525310331e-01
2.323461251788327409e-01
-1.288056264577441268e-01
2.474375535922767599e-01
-6.670646256769488525e-02
-2.547459713701252793e-01
1.573600177708910919e-01
-1.336464001753198960e-01
-1.384507183470781166e-01
-2.944165274534915611e-01
5.433636910277211962e-02
2.827372994187049016e-01
-1.471261980589178564e-01
9.674296025112200104e-02
1.824465725589888843e-01
-1.224104708005030462e-02
2.525039916458232669e-02
2.713569410114562985e-01
-5.401077212676430594e-02
3.697720802091369885e-02
1.166101855378684493e-01
4.087091463350150944e-02
2.314662055841908983e-01
-2.594661016268961506e-01
1.925270741641036953e-01
-3.022120315265146018e-01
2.190169525248193971e-01
-2.090770134723639595e-01
1.439518382952174602e-01
-1.032383992467064415e-01
-1.347973675981532504e-01
-7.959916513085868450e-02
3.001283382485245288e-01
2.647621024245677690e-02
1.577162487834413707e-01
-3.407993222409383405e-02
-1.027151189139642595e-01
2.113778627881572336e-01
-1.576026487943697763e-01
3.414810233751247592e-02
-2.691414787668713338e-01
-1.862180447339485401e-01
-2.368656822849407595e-02
-1.221095429448323388e-01
-1.247165524744998366e-01
-2.658570372727271369e-01
1.689994407913233965e-01
-1.064729374223679081e-01
-2.222967946025673214e-01
3.321309769132085865e-02
-1.210380717781809612e-01
-2.407396516978966838e-01
-1.684482263125288981e-01
-1.370784516171608125e-02
-3.463510745317543993e-02
2.616020217276108784e-01
-1.117291628004228876e-01
-1.498576818619911932e-01
-7.894683524841950018e-02
2.236682016923766114e-01
-1.705539514174694848e-01
-2.656055969878620693e-01
-9.011591286448489280e-02
1.839665184657207631e-02
-1.094235022085224274e-01
-1.895873519443193045e-01
-2.745500824190580946e-01
-1.158206821031464440e-01
9.704688490660168254e-02
3.042318595316456653e-02
-7.669049287725532293e-02
-2.513104532109179945e-01
-1.541821545513306080e-01
1.350464805785416833e-01
-7.424510762786459828e-02
-1.771392184901296740e-01
-2.180264288210502222e-01
2.879643135068364335e-01
4.562701579409189634e-02
1.663193262547182916e-01
2.560610817803483097e-01
-2.378909567230392819e-01
2.890002356293298047e-01
4.402584622179472884e-02
2.506308905332677583e-01
-1.785110338300210375e-01
2.003871948484625687e-02
8.205693253271056919e-02
-9.265475265355663237e-02
-1.538724589050361469e-01
1.828520912633971318e-01
-2.219584749679567037e-01
-4.128425515105055288e-02
-2.389010322155165345e-01
5.519432329561618777e-02
-2.872779562572450041e-01
-1.414097736354437418e-01
5.025164671772058833e-02
9.840750804625209014e-03
-1.682979050279587718e-01
-1.744292783560093818e-01
2.826182523091065879e-01
-2.171640223766098110e-01
2.652958757494250364e-02
2.241033861830284413e-01
2.078025129470971177e-01
-2.379921172329282908e-01
-2.660649703438365821e-01
-2.994191298438737547e-01
-2.608251848581566446e-02
-1.013046042427338811e-01
-6.280340374458476260e-02
1.522919628618537025e-01
9.578213246515870916e-02
1.869861018492247062e-02
2.117729600467765372e-01
1.658272770716812117e-02
1.460704052191686420e-01
1.706303911213741809e-01
1.324459026930846495e-01
1.489226846789938885e-01
-2.214982238262651892e-01
-1.821913191133524290e-01
-1.803099117513748961e-01
-2.601070957080838797e-01
1.075259605934186236e-01
2.451392568570836539e-01
-1.864078885711852596e-01
-4.465114198671238377e-04
1.447931847826894325e-02
5.128261219150109795e-03
1.429873030621658936e-02
1.732059807361902570e-01
1.879911895804305400e-01
-2.438560850530810398e-01
-1.410640644309916480e-01
2.419658475838055156e-01
-8.681953023186012031e-02
-9.727521220004683999e-02
8.054095212085565780e-02
-5.278438661707851587e-02
2.717733015277222219e-01
1.568904500437186544e-01
8.705774405915700509e-02
1.531682948598464544e-01
-2.015009656662909432e-01
-6.017963304176743300e-02
-1.643608393094453668e-01
-2.948025130762315094e-01
2.238795447886354761e-02
3.051800255497827963e-01
2.487966810573429277e-01
-1.618638304303594566e-01
2.462831436187088996e-01
1.844542855566794204e-01
2.853810354473940158e-02
2.009870992347079777e-01
-4.290789528508404116e-02
-1.013751315073879444e-01
-2.002035332117418909e-02
1.262708657790039823e-01
2.651297141899138787e-01
9.533254780099531533e-03
-7.501808388021316554e-02
-2.792829161768058399e-01
2.174929486630544639e-02
-3.628251261996195964e-02
6.314674188349689299e-03
-2.896079019072891336e-01
-2.175692486620234845e-01
-1.595537970680468431e-01
1.208228776183082331e-01
-8.133029000097377614e-02
-1.401370283908181524e-01
1.440180262136103173e-01
2.313416512576934037e-01
1.813871259158014171e-01
-7.059902247928961927e-02
1.299434729896937202e-01
8.522861030898531975e-02
-1.221151328273351877e-01
-2.710291451559692644e-01
-2.508426437866053127e-01
-1.164444570368717569e-01
6.079845056663701897e-02
2.450036478843899412e-01
1.759545039229367669e-01
1.629080668865206527e-01
1.358850755469199756e-01
1.238224067185632604e-01
-1.063404743358732363e-01
-2.904524368331926620e-01
1.914053421224363727e-01
-5.473641858055461329e-02
2.629907354111729600e-01
-5.677367135371100271e-02
-1.900422547215455948e-01
-6.245717515353460536e-02
2.655411371821715938e-01
-4.090895254309639961e-02
-1.602609514378400268e-01
-2.146416888717037896e-01
-6.891088381292262421e-02
-1.282579609540948073e-01
3.963887632924334437e-02
-1.087414250187736797e-01
1.898076098354898322e-01
2.425441065562797260e-01
1.857859518099659879e-01
1.387891798736723969e-01
-2.815190286742719206e-02
2.536600827003502867e-01
4.458969737037271619e-02
2.327326162797717646e-01
-2.711490499173486723e-01
2.531724078196948002e-01
-7.624798736509372232e-02
2.764248473301793019e-01
4.570223527068972835e-02
-2.838733339451993132e-01
5.794632211548095269e-02
-1.622102244771005952e-01
2.017826358325121583e-01
-2.372901825138482579e-01
1.035229217079539077e-01
1.405369452477685521e-01
-2.809943014791821958e-01
-9.457183225939927440e-02
-1.862217754139556813e-01
4.579533516975708984e-02
-1.212296455314143540e-02
2.227129012077701531e-01
1.534772800422559702e-01
-8.041242922739766374e-02
2.124524421509874084e-01
-1.819175116452628749e-01
3.226318713346809641e-02
-9.401591046163124132e-02
-2.971831879416023670e-01
-2.401722450907380346e-01
2.331902920653077804e-01
-1.424896932717438780e-01
-2.395480935985594417e-01
-6.245624936891816525e-02
-2.214037479537704911e-01
-1.114630967822837493e-01
-2.617889287040366941e-01
-1.879960861074124745e-01
-1.593475897065074198e-01
2.850259051268899113e-01
2.893733013186781666e-01
-1.504946909743828110e-01
1.092684027306126127e-01
-5.513724189887592164e-02
2.024876150052467572e-01
5.804113148483425189e-02
-9.427945628141076728e-02
1.800098035018952158e-01
-4.314436162350721027e-03
-2.986689687455598152e-01
2.756834473255250217e-01
-9.731881382496310184e-03
-2.177469682223638903e-01
8.354390064002586991e-02
1.281643002881819871e-01
1.764665228008182041e-01
-4.751448249401779567e-02
-1.830721748164872986e-01
2.413130325620102545e-01
1.422633397823471202e-01
1.816525926915539824e-01
1.550245738455905964e-01
2.381066748589183435e-02
-5.425924624261124762e-02
-8.347998515835428068e-02
2.189140932216597224e-01
7.541448881455337094e-02
-2.839621719597795746e-02
5.180353754977845560e-02
2.994004274080535599e-01
7.324000874059460875e-02
-5.077670764711483820e-02
-1.590782347794588714e-01
-1.462244964985091045e-01
1.963784119016500074e-01
2.957279975363041324e-01
-2.590722767175933638e-01
1.242195926128413230e-01
-8.659554089333576510e-02
1.541175437369172729e-01
1.977603947187378530e-03
-3.931697098224207210e-02
2.964048198300926473e-01
2.847686586362811467e-01
1.148930943428488893e-02
-6.916816116590474017e-02
1.684280212469808080e-01
2.325210348956772699e-01
-1.715934086743069187e-01
-2.520576595230420436e-01
2.553807984683988397e-01
-2.227266672712292783e-01
2.865424494964024515e-01
-8.795435787829020136e-02
9.310055841225128859e-03
1.548611150652858814e-01
1.358333256963398794e-01
-1.128234352409764052e-01
2.182551081025054240e-01
1.011546421164304377e-01
1.487977407404764141e-01
2.935854024500894055e-01
1.341300360109399237e-01
6.355048271674584859e-02
-2.354014214942240502e-01
-9.295274491758542812e-03
2.130422191127771536e-01
-2.812695946344088149e-01
1.525707794989865085e-01
2.164229474518927776e-01
2.771838478055311250e-01
-2.898205727587408465e-01
2.836418493620686543e-01
7.229044298621567499e-02
1.613190823955886755e-01
8.136618420222874182e-02
2.806024678150131901e-02
2.632292531423641169e-02
1.237935006495988755e-01
-2.406033550242830943e-02
-1.378445140470984653e-01
-5.320136249027929143e-02
1.304670355228560452e-01
-8.396670324451904754e-03
-4.856462481684914456e-02
2.187513986378752939e-02
-5.127322655046445687e-02
2.411823433815621365e-01
-2.579930007549200988e-01
-2.111000070142112772e-01
-2.195000105996940121e-01
-9.814494806559351248e-02
-8.541772275498765721e-02
-5.667313351583677661e-02
2.805164673736345038e-01
-3.023704983817757097e-01
-5.347716423489184967e-02
-2.770229502709414260e-01
-2.953947672510108258e-01
-2.754603487767572911e-01
7.700014876920441287e-02
-2.450046424628725961e-01
1.864489605628751323e-01
-1.986220009000865816e-01
5.259160741663221339e-02
-2.159077833446746697e-01
-2.713842951544116477e-01
1.810962038771883331e-01
2.769197069845134584e-01
2.458519293112639281e-01
-1.274078177985438487e-01
-2.070629427395219990e-01
-7.495885030022447770e-02
-2.255191707739997720e-01
-4.398313775150886062e-02
3.873479622043413118e-02
3.613219466328126961e-02
-2.102445592061877311e-01
-7.621895155407029665e-02
-2.914533321796295984e-01
1.095423395049451298e-01
-7.444609698545967547e-02
-6.130694382069015735e-02
-2.918737461623940321e-01
6.364507169611899329e-02
0.000000000000000000e+00
0.000000000000000000e+00
0.000000000000000000e+00
0.000000000000000000e+00
0.000000000000000000e+00
0.000000000000000000e+00
0.000000000000000000e+00
0.000000000000000000e+00
0.000000000000000000e+00
0.000000000000000000e+00
0.000000000000000000e+00
0.000000000000000000e+00
0.000000000000000000e+00
0.000000000000000000e+00
0.000000000000000000e+00
0.000000000000000000e+00
0.000000000000000000e+00
0.000000000000000000e+00
0.000000000000000000e+00
0.000000000000000000e+00
0.000000000000000000e+00
0.000000000000000000e+00
0.000000000000000000e+00
0.000000000000000000e+00
0.000000000000000000e+00
0.000000000000000000e+00
0.000000000000000000e+00
0.000000000000000000e+00
0.000000000000000000e+00
0.000000000000000000e+00
0.000000000000000000e+00
0.000000000000000000e+00
-1.963394357014493774e-01
7.933336216949654629e-02
1.695629191880097530e-01
2.057588688916019426e-01
-2.741659287544215839e-01
-1.184196176709261250e-01
1.047306266569610345e-01
2.015890856197187220e-01
-1.873443090072189066e-01
3.733930834088565187e-01
-1.147577985018069513e-01
-3.414254665594369520e-01
5.957523209357851179e-02
-3.056814119810674635e-01
-2.270965851815762715e-01
-3.571969390372711217e-01
9.574954120718637274e-02
2.487935947230679457e-03
-1.650048659402292284e-02
-2.947451985953827291e-01
-3.524893495741086014e-01
2.002541830989307270e-02
1.085469267531283255e-01
2.415364769711731419e-01
2.081072912552053844e-01
-2.698677560866659109e-01
-1.584657973411245369e-01
-1.784690752711594330e-01
-2.699595605287129496e-01
-2.977273502510243697e-01
1.812963479329979255e-01
-2.553128774432245063e-02
2.151685543116841903e-01
-3.105042710376483273e-01
-1.620971240195218932e-01
2.347866956435776253e-01
3.532754329359615864e-01
-2.212735276517113769e-02
-2.867976521681822599e-01
-3.734909641341068731e-01
3.878371470379951558e-01
-3.045989263882364906e-02
2.932454232506642167e-01
3.751264256601137270e-01
-5.246545475440272943e-02
9.400258342282508117e-02
3.610400642085212497e-01
-1.539997675480814232e-01
-2.370480599494782237e-01
6.935607859798853525e-02
9.232199476845837083e-02
1.436568240722878032e-01
3.690112257680450703e-01
2.775122879411657251e-01
2.929237468071030359e-01
-1.738699254726803478e-01
3.271399741607949885e-02
2.874607096431591180e-01
-2.965593729487321362e-01
-2.371636324161999210e-01
3.941575411860283595e-01
1.639960479702388674e-01
-1.704310585749904683e-01
3.623118741250440089e-01
-1.161095365996758222e-01
-1.870926267470279791e-02
-2.227278052217095405e-01
-2.694787979098783870e-01
9.322191877456015296e-02
2.848855366099060649e-01
1.914277206554626520e-02
3.531563568154267307e-01
-2.224723114691068981e-01
2.731583166212928071e-01
-2.686719510717120452e-01
1.450251165446430623e-01
-1.452827118124407901e-01
3.938314065710785128e-02
-9.262688331290108712e-02
1.851854934374363437e-01
-2.019537447705100908e-01
-2.510765277456238342e-01
-3.052545547392193637e-01
2.441025967429380494e-01
1.003982383468474127e-01
-9.592708097729973904e-02
-2.740968470025066384e-01
2.448409978973720702e-01
2.893291668274621808e-01
-1.497142630300009047e-01
1.038458321745616697e-02
-8.816674641545746427e-02
-1.751465267003503301e-01
-2.376659414870891385e-01
3.914819069203148705e-01
-3.556274718475599395e-02
-3.553779409373507003e-01
2.342684109822518734e-01
1.171037350277737699e-01
3.960042267010741024e-01
-2.900801833715931366e-01
1.501732573870872556e-01
-2.351253089466359691e-01
-1.441387679287555734e-01
1.481178923219112487e-01
-5.142508873982110096e-02
-2.961401635266096566e-01
3.802264361962888750e-01
6.362629730360747082e-02
2.232668015783221827e-01
-3.881919310948403479e-01
-2.334594921300770787e-01
-2.961380447399287741e-01
-1.468741570860359613e-01
-2.338618426026682906e-01
2.434720931453160375e-02
-2.521287043670281669e-01
2.956304928817327649e-01
1.617396567848820577e-01
2.678305278497999375e-01
3.291374883917253524e-01
2.395622706645538780e-01
2.501900114197568858e-01
-1.668572256371083917e-01
1.192808617637596824e-01
1.353721474428841165e-01
5.122522706621474020e-02
-1.776820579815595047e-01
1.920300662346440812e-01
-9.881398540941410680e-02
-1.002047520844097095e-01
-6.294314500056019668e-04
-1.680391336101861310e-01
-6.564994893905212736e-02
-3.452333546886209859e-01
2.742087832333289787e-02
-3.433472327020803405e-01
-3.911398025475675277e-01
-2.347896559458860777e-01
-2.745118708893484749e-01
2.988572290827108957e-01
1.354800101394641465e-01
-3.098075738041070615e-01
3.661647728361361320e-03
-4.437886839738597322e-02
-3.687355318521984837e-01
2.813906683173980627e-01
1.936187605131411416e-01
2.256314780318507407e-01
-2.647680262777128979e-01
-3.315096852354471046e-01
2.348376296765264937e-01
-5.372316504020258066e-02
1.402245857701244769e-01
3.210696338013234175e-01
3.092916002768755779e-01
1.491659981900294585e-01
-3.468023958514776517e-01
-3.513390926660316937e-01
5.253950148412400711e-02
-1.936723811199899670e-01
1.695647610173012243e-02
1.502041189809670274e-01
-2.409415783216556362e-02
-1.004588185072103901e-01
2.188271082483131402e-01
2.186319063868734092e-01
1.399290237301654138e-01
3.087757681723257708e-03
-2.506133615182349894e-01
9.026740601437599487e-03
2.446674454324822556e-01
3.314720643397313649e-01
2.143503943070241280e-01
-3.358494901406537392e-01
-2.571802212520876152e-01
-2.787872519538793226e-01
-1.504998503164167722e-01
7.052663850382345778e-02
-1.800417916185489964e-01
-3.714385761508764427e-01
3.694422900989686176e-01
-2.998014403039601095e-01
-3.029529593928169673e-01
-7.680973670882573767e-02
1.498552039116875512e-01
-2.806128930334280125e-01
1.193947763566488018e-01
-6.131609413960942279e-02
3.104244850227912411e-01
-9.541863270809264330e-02
1.865282039701551819e-01
0.000000000000000000e+00
0.000000000000000000e+00
0.000000000000000000e+00
0.000000000000000000e+00
0.000000000000000000e+00
0.000000000000000000e+00
0.000000000000000000e+00
0.000000000000000000e+00
0.000000000000000000e+00
0.000000000000000000e+00
0.000000000000000000e+00
0.000000000000000000e+00
