1.349591881640261337e-01
1.986066221844290380e-01
1.732346873604428961e-01
2.440537779176710220e-01
-2.837571506165598167e-02
-1.774769717609890884e-01
1.307662834954094189e-01
2.268636837758586378e-01
2.913155928416445439e-01
1.872143387207900744e-01
-2.880330848946020539e-01
2.944571946495012638e-01
-2.594766441226634135e-01
2.305656768987057736e-01
-3.456100833940756178e-02
2.689649348051246225e-01
-2.430574769069812624e-01
-8.859918558823909329e-02
3.053674377138061447e-01
1.749520046142825080e-01
1.612900584874914500e-01
-8.702429414780910033e-02
4.596702791360146589e-02
-1.079000675990870461e-01
1.217993167341984706e-01
2.937405384659231844e-01
-6.998795549616776412e-02
1.290721767893848737e-02
2.042839701794368912e-01
2.742764751696900039e-01
2.690037882495143196e-01
3.866394134939804550e-02
-5.106107486094385584e-02
-2.306044340391089909e-01
1.424040362308084395e-01
-2.617653453918556417e-01
2.167336099884014100e-01
-2.909046851955533475e-01
-9.879619403389092169e-02
-2.267337839838675650e-01
-2.920067483721112134e-01
-1.255304823932741898e-01
-2.614720230559965941e-01
-1.895899174230649686e-01
1.877438899038883502e-01
-9.565934770788334096e-02
-2.877356572225213682e-01
2.956658155049568526e-01
1.420758486337252435e-01
-3.224247367291511734e-01
-3.146379591148280586e-01
-3.593955546881377749e-02
-2.690384933217589980e-01
-2.903268133224622405e-01
1.734514482097562205e-01
-1.688342598779872805e-01
5.670413301047877441e-02
1.285995313030962039e-01
2.142263095173136955e-01
-2.953693616275593903e-01
-1.515959058146674754e-01
-1.900415463107357761e-02
-1.113410335613441715e-01
-1.652839198476526716e-01
1.137297008579934987e-01
-9.421633346635113759e-02
3.219741904229204144e-01
-3.205111271643462656e-01
-4.291993008864403158e-02
3.279250810678434602e-01
-3.268392089918413235e-01
4.657631177501964093e-02
-1.955996214887628371e-01
1.410640483796316014e-02
6.407457682489464679e-02
2.537872954761493105e-01
1.540445521674765894e-02
-3.710677003065765422e-03
2.183905041167050198e-01
-1.815024207304844206e-01
-3.028142878532943394e-01
-3.190535870928300488e-01
-1.387435546104766326e-01
-2.721451213829061411e-01
4.105141765789310782e-02
-1.880743457324157430e-01
3.203737477789532218e-01
-1.279090955733305224e-01
-3.247016722558179191e-01
2.601287782695477224e-02
1.062731389714943742e-02
-1.328021120594413962e-01
8.147732120523470956e-02
-2.626044945955391396e-02
-2.524196658872531751e-01
-1.037140813327532551e-01
1.632662192824205771e-01
1.191447805436829377e-01
-2.688394232753216206e-02
1.829576517905170396e-01
1.239464672533999168e-01
2.562984692962748667e-01
2.557766546388282602e-01
-2.391415811102431399e-01
1.242900346271252343e-01
-1.382110115457302335e-03
-1.982283491274670906e-01
-7.603794547581410601e-02
2.355606455283043577e-01
2.005978126218699309e-02
2.401323555123754394e-01
-2.828365136952212811e-01
-1.898371307146766718e-01
2.633596678345275777e-01
2.882830004625199782e-01
1.836630950451557664e-01
3.035298547845212136e-01
1.855817532245542800e-01
-1.643778666833873026e-01
-2.029049031218103094e-01
5.678608008375685134e-02
1.125130230829259337e-01
1.561233461244740939e-01
-3.034822944245059162e-01
-1.376191305808474874e-01
-4.546245274192745045e-02
1.705088157343342958e-01
1.759451657726636142e-01
-2.168011498381482438e-01
-3.311704653426366662e-01
8.278183154052642934e-02
2.998937791278066811e-01
-1.016746115232765313e-01
-4.434282423311813881e-02
-1.908309153067221098e-01
1.610471633108802036e-01
1.363373288111607851e-01
-2.748470660621310513e-02
-2.478456557790518211e-01
-1.198430979387687112e-01
-9.069989305205172769e-02
1.042563198398329116e-01
1.973123249816113312e-01
3.802731335217335307e-02
-1.527122609198744430e-02
9.609889953950856434e-02
5.738084984562835666e-02
4.569429660086177236e-02
-2.213651195217441470e-01
-3.058506368192220881e-02
3.029286197802472103e-01
3.259326566053720731e-01
-1.842172019441827568e-01
1.856443085863503928e-01
1.613455622401698264e-01
1.936354144340873829e-01
-7.150887774430897403e-02
-2.210458127445530940e-01
-2.942422599625936219e-01
2.171321255383656945e-01
4.902180703514608107e-02
2.244440829263488757e-02
-7.344587557857912286e-02
-3.921608627235462219e-02
2.265346933279068775e-01
-3.320294604451817788e-01
-3.176934728427383003e-01
-1.487048607509054987e-01
-4.626142119716986079e-02
1.263550996534741899e-01
3.045933301784286007e-01
-6.552482220899874532e-02
-1.444212187772027089e-01
-5.497465505963128329e-02
2.951354272108892562e-01
1.654379375879654335e-01
7.922704135885000332e-02
2.773097197609254438e-01
-1.067914420465245207e-01
1.620610820185427459e-01
1.583524517021075995e-01
-2.375301969294296434e-01
-6.676885690858785916e-02
1.183300483627174327e-01
1.984193843225632303e-01
-3.081012262033877014e-01
1.035289792828681943e-01
-3.178903743604838406e-01
1.623158903646810813e-01
2.723315195823260426e-01
8.488379514036786810e-02
-1.599178290055495444e-01
1.643034632150490726e-01
-1.493343864460253689e-01
-2.623399543206811346e-01
-5.060531231843595767e-02
3.144949357661220857e-01
9.397414775567536349e-02
3.377190247941851409e-01
-1.196415828011797577e-01
7.597787376107123514e-02
1.120233071185733342e-02
1.371987826050287684e-01
-2.954407180360940077e-01
3.239845804946313024e-01
2.459300886439433897e-01
-1.212644714650069067e-01
-1.823555449967072806e-01
-1.725551338563052761e-02
1.165612642381696484e-01
2.127624741456898283e-01
-6.595510846750696210e-02
1.416812154823449688e-01
2.184847883285606640e-01
2.756716512262167296e-01
-1.915070825783965480e-01
-2.332630451996968168e-01
-1.963238724337417473e-01
7.362825920749277442e-02
2.213208426067323487e-01
-3.830504443236348866e-03
-8.885363997315037787e-02
-1.661408334196201597e-03
2.661927780703682300e-01
-3.003275638295999639e-01
2.052756734992247090e-01
-3.285169732729366077e-01
2.743655042760594354e-01
2.145854739981877257e-01
-7.798895842820008362e-03
-1.830241711474980548e-01
-1.719439946106515738e-02
2.220114527088747902e-01
5.712715290637887522e-02
-4.912191875869903468e-02
-2.330533106696602019e-01
-2.497222814237753941e-02
3.352387577047027944e-01
-2.054137587211938010e-01
-2.392999840947657164e-02
3.303604791828836929e-01
2.526666311858331015e-01
-2.667151094425443958e-01
6.345340611798960806e-02
-2.085495960502813939e-01
2.799103348597650198e-01
3.363757520309620386e-01
2.970967024701485215e-01
-6.293966251259924816e-02
5.509673266502157496e-02
-3.972607300174008094e-02
-2.476736645678150328e-01
-1.609230461668701428e-01
2.977358082116557947e-01
-1.904503531720163068e-01
-3.008608871393063655e-01
-8.068477205786089845e-02
5.089106854240849076e-02
-1.928566684038965917e-01
5.456893041916627274e-02
3.682137547618974383e-02
-2.828596478756407184e-01
-1.387897389601505660e-01
-2.962148950422088811e-01
4.879166884184599207e-02
-3.048707494417706720e-01
2.206693357362872199e-01
-1.999353122259690252e-01
-2.161935291072916154e-01
6.163702558646688701e-02
1.509500901050964683e-01
1.973355200328874570e-01
2.077138205843315211e-01
2.841502851228244753e-02
-1.461487317774422534e-01
1.716799894145097927e-01
-2.234568582254970182e-01
3.594337265306313256e-02
-1.390367977754459194e-01
2.529778375437752302e-01
2.980953899292241305e-01
-3.330102111758035943e-01
-2.082093765256195772e-01
3.170517427969233859e-01
2.302356840863343246e-01
1.045563790020105355e-01
-1.305150324969690523e-01
-3.176446320541059798e-02
3.060406520191770730e-01
-1.413865158191268678e-01
-8.264600380863401652e-02
-8.718603004529423828e-02
-2.285472431953893269e-01
-1.441927675374623519e-01
6.819047790887700078e-02
-2.454631846910544923e-01
2.522757279208052150e-01
5.429633818003604118e-02
-2.087301969174024385e-01
-1.865236428004605762e-01
-2.080170670834106117e-01
1.352493397666190700e-01
3.192817923029381832e-01
-2.570089036518165004e-01
1.312067352111262464e-01
2.188169164194817551e-01
1.680072366751393931e-01
-1.466154801619521941e-01
-3.380164207113806052e-02
-2.064246093376823354e-01
2.302092157775522674e-01
-2.203821575628054363e-01
2.835541750757214485e-01
2.391971160665579132e-01
-2.137202981811826275e-01
-6.339834709026959114e-02
8.411842252353102234e-02
2.793550581750736672e-02
-2.429220270272794413e-01
2.108863786417636277e-01
2.469175190779311357e-01
2.125004757803721223e-01
4.772259228188263647e-02
-2.214326835329749610e-01
2.313924706749558302e-01
2.148182697809792874e-01
-2.484041779763684066e-01
-1.670391445524840035e-01
-2.097792495508684629e-01
-2.195722589521778567e-01
4.240321243920652794e-02
5.542399538730691244e-02
1.550083845140631245e-01
3.120528529561505948e-01
-2.849696042478004343e-01
-4.466856961843507223e-02
-1.115125597801794044e-01
-1.539355631455646134e-01
-1.029407013487285416e-01
-1.966442057664234966e-01
1.267995206390142293e-01
-2.903124930388478742e-02
2.481721205546117970e-01
6.576595506101656774e-02
-6.181284504322864803e-02
-4.179796117355250029e-03
5.257392361868518105e-02
-1.310999991135826381e-01
1.232717598051645269e-01
9.940583937405972348e-02
1.719198762426299432e-01
-8.650526454753915129e-02
9.955905785482965786e-02
8.407834962367094489e-02
4.850935520753441033e-02
-2.340072206734601923e-01
-3.229186944547401961e-02
-2.004793477560907755e-01
-1.162425839049895382e-01
-3.261198251302882545e-02
-8.230912281558439014e-02
-2.571190641711579294e-01
-9.493956292289998378e-02
-3.151600738942555990e-02
1.520289649813671984e-02
2.340292505257142164e-01
1.885626493270818882e-01
-2.236890036948157023e-01
-1.467768458199039949e-01
2.353332544940925919e-01
-3.216961894915347231e-01
-2.962934761816750084e-01
-9.067380987928905234e-02
1.471354669262697756e-02
1.463082154248869227e-01
-2.317454140757851666e-01
-6.021250514088255512e-02
6.674128696294184815e-02
-2.777511141199351385e-02
-8.469058490505343428e-02
2.667129898974753832e-01
9.245875607915438055e-02
2.416691889165905049e-01
-1.194852223997333596e-01
-2.017240649988636114e-01
-6.807067041327707901e-02
-1.818327789900145153e-01
1.750968729273347790e-01
1.709537901402599092e-01
-2.781948315420900153e-01
-2.226410888023421242e-01
2.009439321416787161e-01
-8.359791549252509890e-02
-1.307086405622338299e-01
-1.213181991715384100e-02
1.654321962838422033e-01
5.290319338052917875e-02
1.832561080371979401e-01
-1.849379586719688828e-01
-6.760540113065255374e-02
-2.227345991226403199e-01
-1.821157692712739307e-01
1.872366092112958125e-01
-4.845364696702403329e-02
2.619879993383472661e-02
-1.375338388645860888e-01
-1.433975084584873105e-01
-1.271953193918407277e-01
-3.219892411261916498e-01
-1.467432741103421590e-01
-3.381077733861429513e-01
-1.335804144866264143e-01
1.288348944919120442e-01
2.502912841418333256e-01
-1.307587931227465194e-01
2.008127110796663617e-01
1.826314429032405151e-01
-7.060825877041532195e-02
-1.851842605897821570e-01
-2.933463412267874881e-01
-2.002819831943165874e-01
2.072878318359794303e-01
-1.176556123060999437e-01
3.041520170557914238e-01
3.361383141976381772e-01
1.374302670266117632e-01
6.054796127736039590e-02
-7.771347602791078835e-03
-1.759709362413879319e-01
1.752473644974994471e-02
-1.654647741594190702e-01
-3.383202987848337173e-01
-2.771646259883815966e-01
-3.067886468602588623e-01
-2.296403149036347346e-01
-1.343093569115975661e-01
-3.159234651653727854e-01
1.070695822711519307e-01
-3.385458664295837306e-01
1.129019817353612565e-01
-2.992016611953046690e-01
-1.344642256235286382e-01
-3.998467387793830374e-02
8.606311779301573095e-02
-8.220405505278677305e-02
1.386766802623159434e-01
6.263044825767261070e-02
-8.428125893058729945e-02
2.268997466435607180e-03
-1.656379263925772671e-01
3.082805855545781570e-01
1.487533572251726888e-01
2.515951747445238640e-01
-2.935029028508391313e-01
2.584109287341744832e-01
-2.102469704152719610e-01
2.148785477724501902e-02
-2.389266338281109681e-01
1.784358978485567349e-02
-2.023151090513193862e-01
-2.162528326126275657e-01
1.407565366289669773e-01
-4.205912231686265157e-02
6.856843905510923154e-02
-3.350534552973502000e-01
7.432155691306330247e-02
1.700097563995761618e-01
-3.019983142720404912e-01
1.106894878117764547e-01
-3.247839700223159043e-01
-3.199550825872171100e-01
-2.123864291844415608e-01
1.344177239411906144e-01
-1.178226065214476037e-01
2.777965090688193639e-01
-2.927171609509333638e-01
-2.998587361436932386e-01
1.189609821940502132e-01
3.829727002180366435e-02
-4.665625642260684547e-02
2.869945048311864921e-01
-1.823828871683374486e-01
-2.510453827684393513e-01
-3.252869335052365196e-01
2.432672730015491558e-01
2.874364642852219598e-01
3.317759376489179957e-01
1.771933781069806590e-02
-3.366105592875768826e-01
1.812389885561072056e-01
-1.007366151314253999e-02
-2.456534423147658242e-01
-8.648874739368273001e-02
-3.297104339000808682e-01
-1.691618037839726085e-02
-3.170162982812967378e-01
-5.207619040970434821e-02
-2.300345614581076337e-01
-7.207305509724315495e-03
4.950033427191025126e-03
-2.945701766596470206e-01
-2.919308660479449924e-01
3.254980901936938009e-01
8.811034886910423802e-02
3.258371444552841112e-01
2.976986474763877455e-01
2.573716179551407413e-01
-4.222210555966443568e-03
1.924185793340845718e-01
3.032752624398789010e-01
1.754571461208186411e-01
2.009699069178922937e-01
1.200700571933508431e-01
1.685017866985721868e-01
5.935862143881970310e-02
1.186992912682004464e-01
-2.122949360940560026e-01
-5.722565980786908924e-02
5.654779837414786181e-02
-2.908408151463315328e-01
-1.973721478290152431e-01
7.361345153403736630e-02
2.149737393982060762e-01
-7.832881733283081349e-02
-3.369314834178950835e-01
-6.021039138285072534e-02
1.990283461127920761e-01
-1.347852720414587091e-01
2.051521973056653625e-01
-2.413620173879509334e-01
1.439547224762827704e-01
3.148547924361168038e-01
2.600325944707845283e-01
1.745342392488590244e-01
-1.612734382925564147e-01
-1.570829409634627583e-02
-2.567327078568664156e-01
-4.605103613855249245e-02
-3.242895934333779873e-01
3.371714001651534565e-01
1.037922413365484076e-01
1.929914969206071307e-01
2.630645951368698610e-01
-2.615364944287991156e-01
-1.102795035549346547e-01
2.002155431433457755e-01
-7.505441042725080614e-02
-3.434485332237990907e-02
-2.879998850842836466e-01
1.420562807376102299e-02
-3.061264184127171495e-01
2.218407070425076899e-01
1.080293011073095721e-01
1.003851890089596521e-01
-1.697855402598612562e-01
2.807065618732501600e-02
-3.121554655327518635e-01
-2.639333499379447057e-01
1.088031470193913663e-01
-3.247094403052626643e-01
-4.499304056848751898e-02
1.761566853343824457e-01
3.577778606194037536e-02
-9.175197800884352106e-02
3.943101919583791304e-02
5.714935516867020171e-02
1.659583884564195255e-01
-1.255060156262705617e-01
5.540683403948920560e-03
1.113087523123790223e-02
3.217651409889781267e-01
4.957949868902344903e-02
1.956517219492354132e-01
-2.902765351484660195e-01
-1.533516305142257341e-02
-3.145285797240453540e-01
1.521907082181572779e-01
-4.990104794903671426e-02
-1.158076876206212136e-01
1.437732172463931368e-01
-1.266898619689011685e-01
-7.273596999688541898e-02
-9.811875620752136262e-02
-3.185290627569148381e-02
-2.191218671528552542e-01
-2.137855660294075977e-01
-3.072884927274202038e-01
8.818669693894859440e-02
2.233104591801625682e-01
-2.296238664564532184e-01
2.342719363097189866e-01
1.509725513073889580e-01
1.792379307966367463e-01
1.966011344776097403e-02
-5.752761503877246163e-02
2.682555248174666174e-01
2.091564540294629237e-01
9.631044197680543872e-02
-3.197637088560280061e-01
2.939959479892102490e-01
-2.544125059602104777e-01
1.705207390720401284e-01
-2.134523955698457987e-01
-1.329487475563838061e-01
2.155154133562562357e-01
-3.060296605412565762e-02
-3.384573732164027349e-01
1.867254047744326684e-02
-1.987876078359791521e-01
4.408261495881948822e-02
1.988914979574558650e-01
-2.497942125864929808e-01
3.390686567441383303e-01
-1.760405175295266245e-01
-1.657065846187073532e-01
1.569668636228746528e-01
2.625327235647382240e-01
2.043731845409910708e-01
-3.041871281450485021e-01
2.551224295181470092e-01
-3.144081872557429880e-01
1.091127724564390777e-01
-3.295014779237870339e-01
3.588511055120441329e-02
1.498751793073997418e-01
2.004381294660730894e-01
-2.802587218415099057e-01
-3.004341470988096119e-01
1.948094273130779319e-02
8.239872433357947612e-02
-2.081877341880976617e-01
-1.283506351510354804e-01
-1.510227815435997434e-01
-2.772805817777312942e-01
-3.545067933219264722e-02
1.852555292007406207e-01
-1.958960535054720120e-01
2.845218083960985300e-01
-6.355367987081583792e-03
2.675505124784359756e-01
0.000000000000000000e+00
0.000000000000000000e+00
0.000000000000000000e+00
0.000000000000000000e+00
0.000000000000000000e+00
0.000000000000000000e+00
0.000000000000000000e+00
0.000000000000000000e+00
0.000000000000000000e+00
0.000000000000000000e+00
0.000000000000000000e+00
0.000000000000000000e+00
0.000000000000000000e+00
0.000000000000000000e+00
0.000000000000000000e+00
0.000000000000000000e+00
0.000000000000000000e+00
0.000000000000000000e+00
0.000000000000000000e+00
0.000000000000000000e+00
0.000000000000000000e+00
0.000000000000000000e+00
0.000000000000000000e+00
0.000000000000000000e+00
0.000000000000000000e+00
0.000000000000000000e+00
0.000000000000000000e+00
0.000000000000000000e+00
0.000000000000000000e+00
0.000000000000000000e+00
0.000000000000000000e+00
0.000000000000000000e+00
1.374086219489512595e-01
7.712520859928062578e-02
3.038906367700213162e-01
-1.084170106763988894e-01
-2.329731965586666620e-01
1.865523888162897714e-01
1.706512622533375434e-01
-1.878237910180402537e-02
8.779508290826143480e-02
8.419876545167626070e-02
-2.638573933963382911e-01
2.945448840948448610e-01
2.773824163871536075e-01
-7.230374249862153713e-02
-2.558714233728598408e-02
-1.480783432674564748e-01
1.350692490900579079e-01
-1.186611429517871186e-01
2.320675132389782847e-01
2.164640889423717351e-01
2.160144076996051155e-02
-1.178631654522366290e-02
3.633141634451797497e-02
3.016186917370326515e-01
1.007334080663810916e-01
-1.129946423003842793e-01
2.306354762145334525e-01
3.998837291091711377e-02
-2.393413965870295201e-01
-2.467691213665003103e-01
-1.701165982461126103e-01
2.722791591837613878e-01
-1.227208144706635473e-01
-3.011589534908508115e-01
-1.295586031784535797e-01
-2.423578616673526531e-01
-2.722592155882995746e-01
-1.236027107356182653e-01
1.385271339162396087e-01
1.198834268981662232e-01
5.621386627593927265e-03
-2.329244208905985325e-01
2.441298118067605771e-01
-3.127740939367912310e-02
2.389092818272776086e-01
-2.311171273035060314e-01
2.001310936981514632e-01
-2.576945028341194321e-01
-1.775213194322899368e-01
3.242044818099476533e-03
1.535259355430300676e-01
8.501674358823985145e-03
-2.926435426148455421e-01
-1.388683785085092215e-01
7.689364362573364309e-02
-1.101348168057318111e-01
-1.064393813929004340e-02
5.604530911837696250e-02
2.721950497217229814e-01
2.721086695596471317e-01
-2.075820725646604359e-01
2.753026185866160325e-01
-8.864349914899025129e-02
-4.951069754425563296e-02
-1.992829509585888614e-01
1.441695697114074859e-01
2.061800644307620334e-01
-1.927807129956694565e-01
-2.577283154910794960e-01
-1.165007028625527352e-01
8.643591524780075419e-02
5.640545480953157442e-02
3.272514564497353007e-02
-2.705168759859929994e-01
-2.359679484704627073e-01
2.227009864087659552e-01
4.953328139733398361e-02
2.343234889484890893e-02
-3.921043030186427414e-02
1.901228663006832575e-01
1.928300802071855058e-01
-6.596106417965341695e-02
6.981067621511050092e-02
1.141225703546148162e-01
-1.740729520746938652e-01
-1.837920494003111860e-01
-1.687042023075391861e-01
2.203534343608355983e-01
1.769016419968783005e-01
-1.307016539156803103e-01
-1.347745221158291873e-02
-4.442118183690058064e-02
1.586349760544220056e-02
2.843315327288434280e-01
8.357490136864187402e-02
2.227595117038912442e-01
-4.530262495426090608e-02
1.087557431811960740e-01
-4.465534904368112512e-02
1.553373445984010393e-01
2.212472564899582994e-01
-2.845320876676060151e-01
-3.035809109027832742e-01
2.034705139272092178e-01
-2.919963565177489673e-01
-1.326470921873765529e-01
2.332542433233683599e-01
2.203593807332346333e-01
1.116280388706046289e-01
-2.489668469354638369e-01
1.002724644187927283e-01
1.272444922377806709e-01
-2.081066363627227522e-01
2.188398722522852391e-01
-2.834034604095466148e-01
2.562627357093681391e-01
-6.142804787888792029e-02
-1.120244704570498295e-01
-2.147531604129208349e-01
9.157749423546873713e-02
2.001898924114313139e-01
-4.903899517553222953e-02
8.983901543688910252e-02
5.707734524254026720e-02
-2.184583712235142472e-01
-1.630587321836555748e-01
-1.400040364769666590e-01
1.858420988094912074e-01
-1.080029711493510347e-01
-2.829931573916492082e-01
-1.606157078163064356e-01
7.812311256293436035e-02
3.020343715169858112e-01
4.827810906973484251e-03
4.696771026617141409e-03
-3.016967651748322932e-01
1.026515630836990489e-01
4.111115188229869100e-02
-2.625927323826328652e-01
3.619290684430043203e-02
2.559288752884059659e-01
3.609579204495516613e-02
4.010310058947863521e-03
1.944732832190788074e-01
-7.482694738177619875e-02
2.554191202868542621e-01
-9.030003777584555413e-02
7.246512297812679471e-02
1.802679175485865648e-01
1.947822543757437574e-01
3.113925269129991236e-02
-1.070337409090516001e-03
5.961469444235961701e-02
1.089959318799719745e-01
-2.468298809290692120e-02
2.533233903818608579e-01
-1.500649334429624004e-01
-2.358011566822046379e-01
-2.969965180705742003e-01
2.106634386623923993e-01
-2.414184858871687434e-02
1.490713184078837905e-01
-1.150931244613621063e-01
-8.687817606841058415e-02
-2.217871050455605397e-02
1.445383009795142559e-02
-2.426548806702337191e-01
2.785203407198584835e-01
1.747545707341214838e-01
-9.189132024755150563e-02
1.842573543202748465e-01
7.227763784384022561e-02
2.551386787622351160e-01
2.932411055320426896e-01
-1.816070480010064658e-01
1.875618060931902864e-01
7.663060596583631812e-02
-1.305349188867403754e-01
-3.306417243410103568e-02
-1.089557801563183492e-01
-1.596346162508181787e-01
1.050697855338702524e-01
2.572032659374240415e-02
-2.464996885839511598e-01
2.265104747459887879e-01
5.580433055656219832e-02
2.261794024332186570e-03
2.584557672489012359e-01
-3.004417819521771893e-01
-2.332504131119836899e-01
-1.236072453442548791e-01
-1.119069784109733012e-02
1.033429716787622188e-01
-2.145146860749428952e-01
8.819846568386541241e-02
-1.122854677470625784e-01
-1.629439909743717052e-01
-3.501949952381772091e-02
-1.651584280982630881e-01
3.095766148890571889e-02
1.413006591314215354e-01
7.727426179465446410e-02
-2.288479163364577906e-01
-2.580443358680195587e-02
2.382110658824338478e-01
2.122523781171417601e-01
2.919278410731926399e-01
-1.656196825672252015e-01
-1.790762350667682301e-01
-2.794887123857146549e-01
7.992827945936920031e-02
2.167091160134189676e-01
-7.203746171421407385e-02
-2.482597955220977592e-02
-2.975060809311111942e-01
-1.572716167930688635e-01
2.828267032922074375e-01
-2.483727930022201214e-01
1.004538374701167136e-01
8.891829121961253302e-02
-1.756318098155064122e-01
2.290539815551497216e-01
3.015166830360478945e-01
-2.282151868422184204e-01
2.669149621414172446e-01
5.945351884282673582e-02
1.997079440437839470e-01
3.775287700915341826e-02
-2.994749838616859172e-01
3.073232922805813061e-03
2.873882077013517056e-01
5.499958247237662912e-02
2.407349528115912407e-01
2.324393939027609712e-01
1.316506512542323093e-01
1.731856913648953111e-01
2.820918922278511931e-01
2.649000745546885027e-01
-2.791517147884264860e-02
2.637229219506225797e-01
7.439486808317813393e-02
-2.533967375440228098e-01
-2.581490293612738740e-01
1.997162244761674366e-02
-2.405998903543576095e-01
1.423106610458963472e-01
-2.283353158174070696e-01
1.927605566074830357e-02
-1.443154376260978589e-01
2.099633590289968210e-01
2.635591226872223136e-01
2.171471528261386674e-01
3.098598767445531754e-02
2.940201040077805583e-03
-2.921496834752224103e-01
2.911524322714579838e-01
-2.297208735773112465e-01
1.483615798857335077e-01
-1.562820774472440388e-01
-1.219762187491809646e-01
1.367100216277707947e-01
-1.313418068757952473e-01
7.849144391225348905e-02
-1.913801342182286369e-01
-2.998122370524206048e-01
-1.855718031276495927e-01
1.580065878290483061e-01
-6.491104238722969488e-02
4.877233242336626029e-02
1.521004042565061165e-01
2.674267791739461386e-01
2.770365193349883515e-01
-8.539958975022632348e-03
-4.805770662514641245e-02
4.516402305204197942e-02
1.050947552807180996e-01
-2.786576464270296150e-02
-3.010059853401020336e-01
-4.683780532523407203e-02
-3.317842590785569090e-02
-2.343398809939289951e-01
2.710691629880977449e-01
-1.334024663859288140e-01
1.304204415742259426e-01
-1.127309266459877723e-01
-1.364209074762058604e-01
-1.914133939441408916e-01
2.220577546609991959e-02
-6.078844652765225121e-02
1.749400762153396904e-01
-2.958131214774408768e-01
2.931691695548204746e-01
2.431254719148238652e-01
1.450765840930636208e-01
9.304795486906763946e-02
2.186231120971334208e-01
1.587437186206153150e-01
-1.086786706316112960e-01
-1.436430317482412233e-02
-2.765149012326384437e-01
7.453076030594929513e-02
-1.391406724173307741e-01
-1.644938459406480868e-02
1.683367119622946606e-01
-5.552903392921776371e-02
-2.333396381790728003e-01
2.863945268597102856e-01
-2.583007246364182885e-02
-1.828445441080134293e-02
-1.515209147122210109e-01
1.995651670436358605e-01
-1.202210053582910276e-01
-6.201933688377825327e-02
-2.344932721924036789e-01
-3.921724204753601617e-02
1.323840321788663510e-01
-7.632250754405078830e-02
2.434862312850025190e-01
-1.270410381720737947e-02
2.368514641955021260e-01
-2.316956895159220098e-01
2.569597544885262042e-01
9.385063242127378302e-02
1.976562629867964493e-01
-2.356180874592194718e-01
1.549116651653086318e-01
-2.343712783905775865e-01
6.473162547056166005e-02
1.058087447026470618e-01
9.226888322734561054e-02
-2.564429104739939236e-01
8.753778185817373547e-02
7.836702859269290000e-02
2.945089824024514358e-01
-2.287199043084166550e-01
9.114711160915223154e-03
3.547763664760383850e-02
-1.162240141712711505e-02
-7.055401301659749991e-02
1.141629563560206950e-01
2.669987942720963847e-02
4.362105646387764990e-02
-1.063162390027600490e-01
1.992074337028417186e-01
-8.103813132847784151e-02
-2.502728312266096489e-01
2.325572643786753546e-01
7.094646979447438717e-02
-1.844592721041377059e-01
3.977220606621850729e-02
2.619056999866064550e-01
2.049481097954665709e-01
2.984111797608203775e-01
3.050997627797290002e-01
1.823509892304060465e-01
5.004935567668122864e-03
-6.305833876892019685e-02
1.180640560938246431e-01
-8.611374257593662485e-02
-2.817688211202911130e-01
-1.576268920901194581e-01
-1.418804025255964441e-01
4.570657624421159415e-02
8.403554345996411268e-02
1.553817804424690863e-01
-1.361175321944969874e-01
-2.607801186468019505e-01
-8.417590044520528725e-02
9.054773777923896816e-02
-1.734550790560742684e-01
1.913620425377666190e-01
-1.749296354180256141e-01
-2.096878300911753090e-02
3.043602799352791988e-01
-8.302143423626895391e-03
1.538899222489448215e-01
2.286352306721091687e-01
-6.661746086425107682e-02
-2.353711243405929299e-01
1.707056697015930657e-01
3.365646076936062991e-02
-2.033259413815664829e-01
1.377524546910329217e-01
2.444597153788686250e-01
-2.438662691750781430e-02
1.688155642982957505e-01
1.146476289185255348e-01
2.643191408765953043e-01
-1.048302314046225536e-01
-1.336367710036295564e-01
2.294809798474902185e-01
-1.498869797135255477e-01
-2.504819153059423265e-01
-6.344865460171264515e-02
2.900267940370872544e-01
-1.886093453407229337e-01
-2.550447285869468783e-01
-1.777207250749127665e-01
2.746110690607522220e-01
1.106386436953708530e-01
-1.391583710400263740e-01
-7.018709705094494655e-02
6.139893672068136299e-02
1.397552619783176686e-01
1.976278764230421370e-02
1.424947229963574591e-01
2.915771024240176867e-02
-2.855556893895316306e-01
-2.007179725858596608e-01
1.556943462201159090e-01
1.839285387686425133e-01
-3.439465967739319119e-02
-1.324433533849050659e-01
2.192641890099801816e-01
-3.063650236623721712e-02
-1.853799877197438439e-01
-2.917913292484661802e-01
9.671522638350821266e-02
-2.459060856339971013e-01
-5.057627550391874394e-02
-2.881024109621110330e-01
1.927220674010501900e-01
-1.017152691327216085e-01
-1.616302150519266789e-01
-2.910268279364305877e-01
2.150653257818950226e-01
-6.309393756189091151e-02
1.281531189307087426e-01
1.892808031860832574e-01
1.346168846766986338e-01
-1.778195809695459206e-01
2.551835117415646725e-01
-4.821168474317399921e-02
-1.603432897684756719e-01
9.832469523031178715e-02
-7.958240618201437022e-02
-2.512515498226416955e-01
-3.047824078258600244e-01
1.192228465854701103e-01
2.256991409055127407e-01
3.888707363798538097e-02
-3.310161623744778403e-02
-2.802470939760032254e-02
-2.620756337540425251e-02
8.768007272222155812e-02
4.931951295587871931e-02
-7.229384292238269505e-02
-1.406067547537714624e-01
2.130047246906818237e-01
-2.043826757282439233e-01
-1.137300318864933324e-01
-2.487562168539664276e-01
7.520237799199214201e-02
-5.337960309364714329e-02
-1.871427620217562260e-01
-1.161739594078927962e-01
2.639617384053564719e-01
1.223346239723776541e-01
2.871731241671116597e-01
-8.472818177351687519e-02
-4.082731080757090458e-02
2.169564521901283238e-01
5.542461849324509249e-02
2.249923639787034246e-01
1.308528962421154351e-01
2.227235145599795740e-01
2.748181295351136977e-01
2.465148892839981731e-01
-2.610102354379663647e-01
1.114779924414412426e-01
-7.717839518279781541e-02
5.801866938730737555e-02
-1.063481708793184988e-01
-7.543179580093622993e-02
2.094248525260611893e-01
-1.910224843302428255e-01
-1.853019046418666327e-01
2.401246042185264939e-01
2.163210456119653569e-01
2.219039315961701675e-02
-1.419143890670704067e-01
6.329426579508490303e-02
-1.609210931384285614e-01
1.325344490370518047e-01
8.034385184133080449e-02
-1.600860739339623751e-01
-5.124557976692778460e-02
2.609442261393982165e-01
-1.116392925094906730e-01
-7.168123711895285632e-02
8.537441176985055558e-02
-2.055452192865324101e-01
-1.759384048732803851e-02
2.211310350726842233e-01
-1.007959789411717322e-01
1.231606661194039054e-01
1.779272118530636493e-01
2.664494498867215344e-01
2.203255894054582664e-01
-1.932866987614819676e-01
-1.443499962622015464e-01
1.648676758319433389e-01
-7.037976040655224974e-02
1.831876532180828909e-01
-1.170090957019351563e-01
-6.889511757917921031e-02
5.370103941741521947e-02
-1.981245773246153585e-01
-2.293378092653482470e-01
1.758073138674593472e-01
-2.869093772072189852e-02
1.505437201330526720e-01
1.028363831960841801e-01
2.861420588268292486e-01
-3.021801536196048188e-01
1.113823734289552392e-01
-2.613974487807843028e-01
-2.183744257602896754e-01
-1.123610542762255027e-01
1.811795159138549494e-01
-9.269665177139566059e-02
1.982631917196450710e-01
9.592980195116757036e-02
2.561152965322118225e-01
2.934716711596979111e-01
1.133140746929955922e-02
2.668196759212841385e-01
-1.755232145588381532e-01
1.309367120981819177e-01
-2.365709858733733295e-02
-1.677013951544054082e-02
1.447841767885489350e-01
-1.351267214010353768e-01
-2.614440249439798358e-01
-2.906381612307210038e-01
1.489589703447510294e-01
1.260333799217002726e-01
-1.995236764495991189e-01
-6.786300217790322553e-02
-6.916504365900510987e-02
6.452991513827210923e-02
-7.421012863243425794e-03
-2.314126071758326186e-01
-5.089089960635062582e-03
-2.206095691359914457e-01
5.829529602392646837e-02
1.399022675441072283e-01
-1.697412398659887967e-01
-5.932952763549825814e-03
9.312902315608040382e-02
2.875851893937604875e-01
1.718539979872793499e-01
-2.204667703620372121e-02
7.651685596407098444e-02
-2.462803457695367793e-01
-9.307398790682083756e-02
2.711186227960437622e-01
-2.717123643168345426e-01
1.094958656830710142e-01
1.933294538973893140e-01
-1.153485213061791748e-01
2.490126236255192915e-01
1.851123264676173830e-01
2.151772783235180175e-01
-4.493153476255462575e-02
-3.054926205556094954e-01
-1.907051116241537114e-02
2.595053031825587664e-01
2.037209737749846039e-01
-3.526982303324310841e-02
-2.491871134212635119e-01
-1.209454881185344222e-01
1.727175908653904579e-01
5.921534625102109484e-02
-2.081886514840260438e-01
-4.039985881291552339e-02
2.583312935435260749e-01
2.768289037355687321e-01
-2.623384128758973199e-01
-1.906827123801912993e-01
1.665581573744374100e-01
1.398948259294124363e-01
1.007128059397615072e-01
2.867484301503614996e-01
1.174340786289191918e-01
5.390800053486310972e-02
-7.729075292734607916e-02
-7.654252288256901959e-02
2.841660329353262737e-02
-7.041312257991627632e-02
-6.747276385661180043e-02
-1.099713815059931987e-01
-1.831342740043495620e-01
-3.944571610276753626e-02
2.736359897971067379e-01
2.510749492271979189e-01
-2.220214318525289277e-01
-2.496466263757102233e-01
1.886606786347815867e-01
2.146281530023529949e-01
-2.453104988196234681e-01
-2.907374273736029746e-02
1.594903181056872565e-03
-2.064269767652952281e-01
1.770584691491422502e-01
-2.277773701939140860e-01
2.240777844311419575e-01
-1.637553334611869249e-01
2.568637938600864534e-01
2.953390927283949252e-01
9.784015393454048581e-02
-2.199812451929108181e-01
1.504038006577851916e-01
6.068914845688033743e-02
2.461241368826707077e-01
-2.716013061128673689e-01
1.676364474713633035e-01
-1.675704292309320997e-01
2.002854201505484544e-01
3.716100706223379735e-02
-1.457733444605311957e-01
9.969577753133784803e-02
-7.129945474761534285e-03
4.994545131632555091e-03
-2.431817222388177324e-01
2.855321626971664695e-01
1.925542147814706118e-01
-8.935405381944216963e-02
6.174653218647291331e-02
1.513923804246390392e-01
-2.835780065113517878e-01
1.639264348727612064e-01
-5.340039047402400652e-02
-1.261616596869979956e-02
1.267158631031886640e-01
2.943336822101383921e-01
2.600817485173810284e-01
1.072321282622681893e-01
-6.741135141824011745e-02
-3.051731899263305792e-01
-2.985029518245654323e-01
9.335299656127543644e-02
1.179400951468679848e-01
1.787503408595109700e-01
1.504640550984526204e-02
3.128212725564577523e-02
7.338533366412214320e-02
-2.066430744525532548e-02
-3.351050599729610280e-02
-2.042982268115487443e-01
2.863350468548997996e-01
-2.674750812658310828e-02
-2.990796592463345061e-01
2.621788958477741516e-01
-1.914613684571953578e-01
1.674245687192678633e-01
-2.497291915337239987e-01
2.422248504357980559e-01
4.514822889845737652e-02
2.601172018479474546e-01
-8.557687700095154004e-02
-2.834539399579996677e-01
2.535747987325200348e-01
1.570852393024857463e-02
-2.415206583730963308e-01
6.058795751311291111e-02
1.483799437047877978e-02
-1.610580755102512807e-01
1.745396542100540738e-01
-8.723668815867835491e-03
-2.172066282472540077e-02
-1.774013063834354031e-01
5.902007668507858185e-02
-1.045690593385046885e-01
-2.108302425472624031e-01
-2.933488169528469802e-01
2.637761728989785337e-01
2.600176498626932120e-01
-5.012400515492937414e-02
2.996603512878115994e-01
-2.026645208705573631e-01
-1.336197963469643035e-02
-1.374393640415358664e-01
-5.074783083335082656e-02
-9.847770369964548021e-02
-2.078086661772143851e-02
1.649844735581649791e-01
-1.621146767364078090e-01
6.855638709882466708e-02
2.947026059895979100e-01
1.742436905356521404e-01
2.753408451986567029e-01
2.564197952549489012e-01
-4.719409394121687473e-02
-2.558481083519097976e-01
-2.399163216029880363e-01
1.938338229904438825e-01
1.437161615391313041e-01
-5.020708874634488561e-02
-8.702602053301849994e-02
-2.006290738148741037e-01
2.249249047621825759e-01
1.938902840615057133e-01
-2.070280225613423952e-01
-1.833322401405225177e-01
-1.649851503301987543e-01
-2.133914023069711507e-01
-1.631711442920470156e-01
1.706607511074597627e-01
-2.276395146541577152e-01
-1.730013655202387868e-01
-2.903650129769976274e-01
-3.291035927982299825e-03
2.843256402294443430e-01
7.983528051271454595e-02
-8.011699043047326718e-03
2.744098699008946096e-01
-9.359722356824626277e-02
-2.900033739431981950e-01
-8.379128148473241611e-02
2.794707707786049933e-01
-1.612624681192295073e-01
-1.414433254003528706e-01
-2.270799239772936517e-01
-1.905666366168125847e-01
-1.321676053908533433e-01
-2.175156209024209364e-02
-1.864672750889681541e-01
2.823099500509231308e-01
1.829706702369300886e-01
-1.054977482449943049e-01
-4.653415260784671270e-02
-1.813426870784410339e-01
1.069836546590796633e-01
-1.310150143221038566e-01
-2.698263158115776772e-02
2.003698578907136540e-01
-1.294962138042111965e-01
-9.943835074835094545e-02
-9.354749460651179405e-02
-3.687627153715528072e-02
-2.928032565944094778e-01
-1.650503529904748801e-01
2.885605659801248613e-01
-1.352635912242589056e-02
-6.349887653035107826e-02
2.283413393063271069e-01
-1.073589498832286937e-01
-2.937399547475810779e-01
1.864782252247270677e-01
-2.227320743566972849e-01
-5.676690943501230824e-02
-2.798279015043928508e-01
1.758155654051646311e-01
-2.582470513648722488e-01
-1.268967478547191607e-01
-2.064793896233798887e-01
-2.037502203520901722e-01
9.386645225366452294e-02
1.152319045902239214e-03
2.063037832713561781e-01
-2.284194279144513562e-02
2.204061636026949933e-01
2.956977161826407907e-01
-1.272126195157620432e-01
1.503191184701717642e-01
-1.343586709031750204e-01
-1.788611836560069224e-01
-2.327313608742691831e-01
-7.369870087879282217e-02
8.511480356605094499e-03
5.360525916879954611e-02
1.468067245927233699e-01
-3.840171146890969389e-02
2.525154065926704106e-01
1.990662479417908970e-01
3.032900933451201930e-01
2.183781608450242051e-01
-9.224422598337356227e-02
2.184676762518922843e-01
2.939163350738295821e-01
-1.721594607492238360e-02
6.509655347575538098e-02
7.140502743132826069e-02
2.669848518085609634e-01
-1.375569550943765151e-01
2.478541192744463939e-01
6.993677681452548089e-02
1.096874730726197233e-01
2.367285881404003756e-01
1.533147402492870404e-01
1.218031402863307688e-01
2.691598468820438073e-01
-1.191871335958461231e-01
4.881727056895868166e-02
3.411332490939761319e-02
-7.062419756683865901e-02
-1.386183180917185120e-01
2.968932421154611423e-01
9.140883900786955785e-02
-2.036112910112752306e-01
-8.276093272460369188e-02
2.694099154759704295e-01
-3.682682151130062254e-02
-2.498770342373782538e-01
5.615167940705151350e-02
-1.274150360156220962e-01
1.992366573758584392e-01
-1.009402419632202952e-01
-8.765772116162473537e-03
2.899410732967761528e-01
1.732501148281229142e-01
-2.489477877726546384e-01
1.790395181249831991e-01
1.508251034081277697e-01
-2.462189665614308021e-01
-2.840773808125350852e-01
2.788316212366739877e-01
-1.607062624488881653e-01
-2.021996730983459667e-01
-1.527483424252107369e-02
2.020544146943574204e-01
2.628263130268920778e-02
-2.358568841167359154e-01
1.828215460454253871e-01
-6.652122452395989316e-02
1.812605703927827050e-01
-1.029186449828718430e-01
-3.005628907571705755e-01
4.568996862452257002e-02
1.830113967430000432e-01
-9.828168318597504949e-02
-2.858909073564157577e-01
-1.597712798088164465e-01
3.048159159549361230e-01
2.910903619809708798e-01
-4.590913078267944147e-02
2.337499710988835688e-01
6.262064379977388962e-02
3.028167121370353709e-01
-1.995275225860465573e-01
-7.397996849245849771e-02
-2.246021014653430126e-01
2.253961968487354084e-01
-2.052642205637245920e-01
-2.046472766659759301e-01
-2.678117393044697203e-01
-2.135550226062854495e-02
1.848869191691858704e-01
7.270581386848701255e-02
2.518646420596400426e-01
-4.257942318075430554e-02
2.619713001251778306e-01
-8.912462023263528765e-02
6.286196064986854237e-02
2.069105592077942757e-01
-2.748230847457568959e-01
-4.718418573333826860e-02
7.552960803321873140e-02
-2.407789759986913580e-01
-2.930329405280319710e-01
2.182294134932104002e-01
-1.238640048925615245e-01
-2.271340686140830845e-01
1.524794218087874298e-01
-2.002004611831704195e-01
-2.355500672716276389e-02
-1.719045659580974439e-01
-2.649607295715657451e-01
-9.932363986213740836e-02
2.197462008395711930e-03
-2.473286677701238279e-01
-2.800461190964215197e-02
-1.682625171222235094e-02
-5.621093245180799891e-02
1.002020139364895313e-02
-2.689458812359509787e-01
2.465851650869156919e-01
7.142185064129680239e-02
1.848713344761492294e-01
1.837340622325445150e-01
-2.414633868522744198e-01
-8.789730941406664888e-02
2.146105552645439229e-01
7.504910816763232795e-02
1.512791453647696072e-01
-6.496978993613194975e-02
-1.641674258522388130e-01
2.585571582503907728e-01
4.112762489191740256e-02
2.197543796540349370e-01
1.676838044622609991e-01
-1.637195953351276989e-01
8.916616710118185907e-02
-2.353813254274368383e-01
2.821621261806904202e-01
-1.003050685177210577e-01
2.214545193912118015e-01
-1.223045031915726000e-03
8.733647491516860484e-02
2.174116410806997690e-02
2.232816393701697599e-02
1.028075208635280680e-01
1.686224661669344371e-01
-6.226157158333361918e-02
-1.427124824320142316e-01
-8.146364388164406556e-02
2.162650540092408979e-02
-2.562697552612971941e-01
2.198097685687075420e-01
1.884583695967602113e-01
-1.635865869013454765e-01
-1.279129617709981181e-01
4.454326319197798867e-02
-2.886545794092063577e-01
1.624159904751831807e-02
2.907692312196447637e-01
2.788937113208088125e-01
-2.616353323022913013e-01
1.986349527939808568e-01
2.336969530347904889e-01
-2.154083389196059795e-01
-2.672784031056662513e-01
-1.636454480800266509e-01
1.363382246195667391e-01
3.922705791992081581e-02
1.482857980594487479e-01
-6.927069271347013890e-02
1.397491503284472025e-01
-6.018273941633614510e-02
2.442138687190864021e-01
1.826222043643698223e-01
7.748102389089073228e-03
-6.691832686570770017e-02
8.487878382123975607e-02
-2.158569505456711946e-01
-2.734784683890287837e-01
-2.521727527792807511e-01
2.039915781197270683e-01
-4.869772115381104660e-02
2.541500611706213886e-01
-1.223344877259296970e-01
2.227064125671148198e-01
-1.951080344376480424e-01
-1.661350424891743505e-01
1.896161082212226012e-01
-2.695532297418274936e-01
-7.860380962388235915e-02
-3.406560621547211065e-02
-4.384485133628074349e-02
-1.276761824667675682e-01
-2.583025842852230136e-01
-2.117586511616894041e-01
-2.269203166402266048e-01
-2.928030480171340266e-01
2.032216238382745233e-01
-2.403245047060309503e-01
2.933785827553036518e-01
1.706040897515658794e-01
6.918544123757963682e-02
-2.168126440306871183e-01
-1.945799581445861737e-02
6.866766834763088356e-02
-1.175135790142577408e-01
7.696136336118419852e-02
-1.772685782283006661e-02
3.777748693294913362e-02
8.928467835785092177e-02
-4.563151914283380961e-02
2.461759909540133795e-01
1.156892060167136194e-01
-2.798268539672111865e-01
-4.142910634416480109e-02
4.808932510055696774e-02
1.251703645769957629e-01
-6.665544487436531051e-02
1.257636619222455843e-01
1.472222716237192586e-02
1.664511968111748175e-01
-2.266201413706096512e-01
1.028839581845474860e-01
-1.668898068046020533e-01
-9.856284988654015478e-02
-2.528269577002628665e-02
2.339211138162819448e-01
2.047578740630781602e-01
1.418065741051199868e-02
7.707605643723364208e-02
2.144504796510869338e-01
4.263572684449129513e-02
5.246198940288532286e-02
1.807331192249688745e-01
2.936378263504373920e-01
1.261770879265248779e-01
1.742400997765135018e-01
2.397674727757376778e-01
-9.365659629002395792e-02
-4.003293596399359888e-02
-1.933779974108257305e-02
-1.540931471500778527e-01
-5.701347179971266721e-02
-1.891506210639349317e-01
-2.245371097022674789e-02
-1.489595618601238236e-01
-1.730226907073716125e-01
-3.237684941433127683e-02
1.346028505601806202e-01
-5.500821980173137282e-02
-6.919769393019556403e-02
-8.780532819892064578e-02
-2.673600243774373331e-01
-4.554435843007981211e-02
-8.568378081595379170e-02
-6.277799522898697138e-03
-2.052103802889382878e-01
-2.612247918332581964e-01
-3.373051290022338611e-02
-1.567524037935913994e-01
1.964403548571186930e-01
2.241798995563897834e-01
-2.856459032833003064e-02
1.630399774308793903e-02
1.716983143102854270e-01
2.254149432482244197e-02
0.000000000000000000e+00
0.000000000000000000e+00
0.000000000000000000e+00
0.000000000000000000e+00
0.000000000000000000e+00
0.000000000000000000e+00
0.000000000000000000e+00
0.000000000000000000e+00
0.000000000000000000e+00
0.000000000000000000e+00
0.000000000000000000e+00
0.000000000000000000e+00
0.000000000000000000e+00
0.000000000000000000e+00
0.000000000000000000e+00
0.000000000000000000e+00
0.000000000000000000e+00
0.000000000000000000e+00
0.000000000000000000e+00
0.000000000000000000e+00
0.000000000000000000e+00
0.000000000000000000e+00
0.000000000000000000e+00
0.000000000000000000e+00
0.000000000000000000e+00
0.000000000000000000e+00
0.000000000000000000e+00
0.000000000000000000e+00
0.000000000000000000e+00
0.000000000000000000e+00
0.000000000000000000e+00
0.000000000000000000e+00
2.398940304650376554e-04
-2.084915462765662975e-01
-3.812608920377635324e-01
-2.568804199575112635e-01
-2.627397308563139688e-02
-3.152019613505638307e-01
2.452490713784196141e-01
-1.416618199871791939e-01
-9.401036012410024512e-02
2.758755257136019101e-01
-2.348046099190571334e-01
-4.562240635150532908e-02
-2.765314047545667231e-01
-1.661600225990078616e-02
-3.476898392116712366e-01
-2.180990859082955480e-01
-2.844906635689002927e-01
-1.891797984188470227e-02
-1.714383436487695311e-01
2.432686576492675834e-01
2.630239634374954005e-01
-1.589047923570952037e-03
-7.372692766079824711e-03
-1.130144410093920082e-01
2.320245631416423260e-02
3.954433647096280979e-01
-1.696634688913344902e-01
3.197048799871202163e-01
1.884505496488297349e-01
3.844555980360602754e-01
-3.301209270533335127e-01
1.067306319629597877e-01
3.410166403339161545e-01
-8.417175233829993219e-02
2.858554030468641316e-01
3.007715084499335556e-01
2.643046888137716155e-01
-2.458677284522270967e-01
-3.695831371039337010e-01
3.492364818917340075e-01
-3.485622589650954617e-01
-3.097916856537744623e-01
1.093278261542237062e-01
1.373844889647801160e-01
4.626300560774998516e-02
-1.986550992232423429e-01
1.033483499370647096e-01
-1.901419653131682097e-01
6.778267438401658351e-02
-3.625811666698067759e-01
4.636784643748464996e-02
1.269436056817022096e-01
2.200697681183483856e-01
3.504669680716370750e-01
-2.854582115225063887e-01
-2.777151035882263752e-02
3.338329576667227738e-01
-2.268190137825615293e-01
2.573637545642365465e-02
2.614303121575939914e-01
1.128160642912185430e-01
-2.848142860127460541e-01
-2.867333458541206914e-01
-3.763378403449799126e-01
-1.579996110429871536e-01
3.498527215057844475e-01
-3.665207423724136659e-01
-1.757637114718901550e-01
-1.218697887161700466e-01
-3.140706018874400707e-01
-3.596215276671488326e-01
6.131511755323004742e-03
-2.428178726603068271e-01
-1.226267089967678636e-01
-2.063976696564499003e-01
3.416368946976407472e-01
2.505534445789679432e-01
-3.076464099558615106e-01
-2.857801932391699218e-01
-1.334967632916200797e-02
-2.375078590706162229e-01
-6.311896391692572994e-02
-3.571673067777044741e-01
9.577093256195551296e-02
3.054287759665960666e-01
8.879532855079791398e-02
3.977294794345670459e-02
1.476655383490894091e-01
4.737192476289792120e-02
1.036291395741696930e-01
1.046841143660215412e-03
3.227110604498635849e-01
-2.757000553383026631e-01
-1.114419123030829240e-01
3.856764206467533929e-01
-9.366223171171617068e-02
3.079703475415414560e-01
-3.117070568087558224e-01
3.328256651720853942e-01
3.388863378338993759e-01
5.982032846843887697e-02
-2.235647461580902162e-01
1.681707873235550044e-01
-2.227614223924396786e-01
-9.479771948150189642e-02
-1.676941316479169108e-02
-1.903682615543545453e-01
-3.649182671169188819e-01
-1.015648811555658337e-01
-1.120185745988123704e-01
-3.883184574920780507e-01
3.477365846686573669e-01
2.539029158162338651e-01
-2.310321397265247823e-01
-3.901031610479200329e-01
3.025731668381149153e-01
-1.751879089225033548e-02
2.350520835081948423e-02
-1.210803193986842441e-01
-3.502229732314954269e-01
-3.500170995808266072e-01
1.950440255986079507e-01
3.858848891481614363e-02
-6.296001816478530300e-02
-1.793148888772666538e-01
-3.646696216648669941e-01
2.974243729407843317e-01
-3.942647051265137370e-01
1.960670059021367151e-01
1.397949121975463060e-01
-1.997339527330024567e-01
-2.824988775828741749e-01
2.394961739669784762e-01
-3.461712565865548430e-01
-2.437456037872072490e-01
-1.284238759778508210e-01
-1.284687588411118631e-01
-1.255028794168988604e-02
-1.272431715669380958e-02
-2.883697512135020569e-01
2.377453744973578309e-01
-3.606184220349931135e-01
2.764870900847353208e-01
-2.707364766633408859e-01
3.727807955926175087e-01
-1.856380527883657039e-01
3.783143908737264804e-01
9.882614364796826756e-02
-1.056639634698366970e-01
-2.285657672092536730e-01
1.026905462687734416e-01
-2.603583468167324222e-01
1.100644340093046014e-01
-2.658048035064687342e-01
3.866004552786428405e-02
5.356528372315255693e-02
1.137178989750777247e-01
-6.383030865171623880e-02
2.153100283364627887e-01
2.888574488740606738e-01
-6.408911157886237886e-02
-3.720601744304175007e-01
-2.864168370745875380e-01
-3.774753812764168881e-01
1.379163252694199371e-01
1.816375749492039060e-01
1.944486653187484371e-01
-2.333934707305634904e-02
-2.480913394738584188e-01
-2.153013272655845689e-01
1.012254741146377257e-01
2.583255801593489775e-01
-1.723961341517893375e-02
8.129869307326159644e-02
1.259405269688885221e-01
1.026146452272788112e-01
-7.788961597683585758e-02
-1.817819576663260994e-01
3.253209816078933003e-01
3.411558337200806812e-01
-1.871500702278596773e-01
2.891383391465335295e-02
1.028194293416928029e-01
1.064982746703929672e-02
2.314740558970674322e-01
3.821129796683798152e-01
1.601313328714755735e-01
-6.653732473861245778e-02
-1.244950484948396108e-01
3.211879135588970313e-01
-1.201468995798102291e-01
1.173811570333979648e-01
0.000000000000000000e+00
0.000000000000000000e+00
0.000000000000000000e+00
0.000000000000000000e+00
0.000000000000000000e+00
0.000000000000000000e+00
0.000000000000000000e+00
0.000000000000000000e+00
0.000000000000000000e+00
0.000000000000000000e+00
0.000000000000000000e+00
0.000000000000000000e+00
