-2.118233683267077561e-01
-1.064477194719062325e-01
-4.473524604486939227e-02
-8.665070096077537309e-02
-2.659308371052121478e-02
-9.175010509750392007e-03
-1.371225625736438580e-02
2.566958825750337292e-01
-3.351767628337917748e-01
-1.239641560437448886e-01
1.573880867587362786e-02
-1.780677679882374242e-01
-1.837414488779469668e-01
8.875608728546369175e-03
-1.750598264308664553e-01
-4.425681683601756511e-02
-5.093111233492264578e-03
3.373545237303294808e-01
1.251974631039374786e-01
-3.761556197763599174e-02
1.091748820675136900e-02
3.147031336632888365e-01
-2.943170118806645030e-01
-8.765406111711288029e-02
-3.698036293061118807e-02
2.927569751416845278e-01
-2.717299802143529619e-01
1.115648292553618748e-01
2.324284720359250933e-01
3.327077209974719230e-01
-1.390472444842035804e-01
2.304996311390827834e-02
-4.077701826807433871e-02
-4.518719341731242123e-02
-3.139372801370790000e-01
2.614427148848852411e-01
5.558438786301800327e-02
-1.248665342989897231e-01
2.910006788257823995e-01
-1.792956044667732285e-01
-1.068885655179774019e-01
2.621271632364112758e-01
2.212782210607117106e-01
-1.866591632174948723e-01
-1.561509387301783236e-01
-2.081830238354042129e-01
-1.625748743733761159e-01
-9.286608084985381595e-03
2.022785061929831540e-01
-1.637209162480786351e-01
-2.942446226749512728e-01
-1.364219501037580717e-01
1.171730282832408876e-01
-2.237172555472882740e-01
-3.088896029880504046e-01
-4.985143993436874643e-02
-2.407244585537277048e-01
-2.838190061910674244e-01
-1.650912921025549929e-01
-3.265017037119867793e-01
1.319060549342043753e-01
-7.283740964168383680e-02
2.315723372904604505e-01
-1.153156994153639037e-01
1.655544460981277499e-01
2.189575904062972533e-01
-5.341983350725765245e-02
-1.852165842824722852e-01
1.252957506770988050e-01
1.793680265144391717e-01
2.543820132153795655e-02
1.672539523726945809e-01
2.459698732984921810e-01
-2.510434645921915675e-01
2.594420156525450993e-01
-1.712085115637378974e-01
2.758418013080854436e-01
-1.615735441970746200e-01
-2.118704129050511809e-01
1.962346009036486372e-01
-1.753501686337699539e-03
2.312686851594947246e-01
-1.936477082412146056e-01
-5.955510147386428033e-02
-3.376603175398467660e-01
-9.609039567690194628e-02
2.742489190562816814e-01
-2.041706989019529683e-01
-1.911299593211561454e-01
-3.202756140759942527e-01
-2.073701274553307883e-01
-3.301290029597917508e-01
7.568999207284599073e-03
-1.205568026462391640e-01
3.100283170294824142e-01
-2.573720733729815691e-01
-2.438248473934399030e-01
-1.350765100321477952e-01
3.525058225440508286e-02
-2.955176216099755782e-01
-2.663384724112690671e-01
1.598658024975406766e-01
1.967115552609227658e-01
-7.995978731160746644e-02
-1.103894144408420208e-01
-2.019745079109248054e-01
9.096569134851373306e-02
-1.520583359798911571e-01
2.828436041865112216e-03
-1.734319616528493535e-01
6.778545583543404973e-02
2.352841026244116840e-01
3.074492734498782687e-01
-2.990894216700559771e-01
-1.381783590777083126e-01
-3.033672373582966819e-01
1.855599346072845934e-01
-1.638911171836935354e-01
1.234884530292938987e-01
-2.558091963607676544e-01
-4.618700157388105909e-02
3.383185648035293980e-01
-4.457609109526572411e-02
-2.825073047798977721e-01
-4.727179580791840419e-02
2.608382923262225761e-02
-1.558349177738735103e-01
-1.681469794867620771e-01
-1.864536051619412327e-01
-1.849889888634368429e-01
-1.532160745014424508e-01
1.407795709522071670e-01
-2.049686497093482496e-01
1.435224108235438889e-01
-1.566940724640636107e-01
-1.475245289290646744e-01
-9.941467254673760912e-02
-2.543130585468839633e-01
-3.357027050836528526e-01
2.864703701970173766e-01
2.352670309481640354e-01
-4.371827571728104100e-02
2.786989320295477635e-01
5.176085222427639909e-02
2.137978363143487881e-01
2.642633265046342439e-01
2.269211062789445732e-01
3.212692298553748715e-01
-1.705430052881306002e-01
-7.965631556874597230e-02
2.523213477078313227e-01
2.733411415303894643e-01
-9.669377743417850724e-02
2.465195856491063653e-01
-1.038672602543082024e-01
-3.342705726870767169e-01
-3.258828481698677337e-01
-1.027092866075751953e-01
2.143104679532344958e-01
1.055889611208273848e-01
2.749282920101592254e-01
-2.793446696701840093e-01
1.408746231971325646e-01
-1.676476584466740638e-01
-1.797462601938692450e-01
-2.908993007629638861e-01
9.976421788344280728e-02
8.668936533228643881e-03
-2.117492063962543303e-01
-2.377046647321752748e-01
-2.653847515178213712e-01
-1.059459679738072035e-01
1.963169145270748928e-01
3.160597686214693391e-01
9.954383322820986590e-02
2.199603798395335374e-01
1.780027440277851536e-01
1.159703534400962632e-01
-7.256503933279651042e-02
8.700611767981519806e-02
-2.334271867257159960e-01
-3.131930355983971737e-01
1.165914209948656355e-01
3.313462207212832800e-01
-1.565916187340903043e-01
-2.596380764148867870e-01
1.861050848407139746e-01
-3.017132993567054333e-01
2.961567987017773573e-01
-1.846245332280556650e-01
8.959656784445557687e-02
-3.034781659252795416e-01
1.338731002908605805e-01
3.107836272070888528e-01
-2.627600926644880208e-01
-2.312405515830521230e-01
3.903624409987177524e-02
-1.387700243183513649e-01
-1.576513474970855921e-01
-1.212135310054259785e-01
-2.594846819600566956e-01
2.721773104779273700e-02
-2.523363657292334583e-01
-2.431274639100224899e-01
-6.696451097265665453e-02
3.124347178488332544e-01
-1.625509189340861305e-01
2.896739176745567468e-01
-1.192880633354603814e-02
-1.585831320950228940e-01
-3.346440168709745033e-01
-2.940740731082594484e-01
1.219006712358901567e-01
1.625599486840239027e-01
4.829738818915285670e-02
3.757614150676052978e-02
-9.413180917688723781e-03
3.234876982469440110e-01
1.003016148132942487e-01
-1.439539654531420132e-01
-1.176841892308719828e-01
-1.901761485394928564e-01
-3.044144094154727087e-02
2.238452509069119856e-01
9.101025430755171897e-02
-1.627669488238126516e-01
-1.966089037137531692e-01
-1.647042571156737134e-01
-2.886783368691929197e-01
-1.380868737633370591e-01
-9.862509353846560245e-02
1.874191136909709732e-01
-3.138858198238578812e-01
2.936100517960806844e-01
-2.169537343345893099e-01
3.802692232842835862e-02
2.664518203048100720e-01
-6.256112205814540195e-02
2.670255998664532449e-01
3.034422083334062936e-01
1.697036066464840953e-02
-1.319268874242603973e-01
-1.474983009354005892e-01
2.730418602274997664e-01
1.868148501413045004e-01
3.538797118412168041e-02
-1.421718132087460285e-01
1.028856359924429920e-01
8.438773510894193031e-02
-1.353391230533657064e-01
1.515775718182915677e-02
-2.475303887724671914e-01
2.172217655025229233e-01
-1.064933652767044159e-01
-2.367545484573215231e-01
-2.908340487388078044e-01
2.663270302412722446e-01
9.463710481089993021e-02
2.840808194967537892e-01
-2.037452231945400816e-01
1.699132278523786121e-01
2.220715519578780883e-02
9.753417291981586468e-02
3.229381743950895389e-01
-2.180726885116702485e-01
-4.018685890650292025e-02
-2.148201208012522900e-01
2.656290209664561308e-01
-2.363342098889753551e-02
-3.152094382238493364e-01
1.235592585009243072e-02
-1.665536766825002069e-01
1.213619457140432956e-01
-9.857996251432321611e-02
-2.238930678466744539e-01
1.269710518433361246e-01
9.123087401579510480e-02
2.548273558339769762e-02
-3.071940001311812551e-02
1.195607411464047476e-01
5.916856773211498499e-02
7.786083401928584058e-02
9.110881050593105934e-02
2.424740005912721097e-01
5.201040764255793203e-02
-6.182761753216364786e-02
3.271330765785682715e-01
2.160233960093186356e-01
2.385035242371408293e-02
2.496054451963027887e-01
-2.236043725450244102e-01
2.023423976560604354e-01
-5.380391000802725587e-02
2.703497874655665933e-01
4.614538609314328133e-02
-3.881619169850053508e-02
-9.085248858391306581e-02
-3.141248742381204107e-01
-3.137854015075198788e-01
1.688967492504174217e-01
-1.305342377787102603e-01
-3.678542136229639992e-02
2.163926963114903845e-02
1.582305194442107932e-01
-2.614166297642376846e-01
-6.836534171718378072e-02
8.669723072809876196e-02
2.545797798596555195e-01
-1.767282745442786129e-01
1.594595702335067644e-01
-1.660931332250105696e-01
-2.444016857360181705e-01
-2.389705971859922007e-01
1.582666034767836183e-01
-2.919197414367829535e-01
1.926553432901033647e-01
-1.533972665536564861e-02
2.225950916955932168e-03
1.837469043252251133e-01
-1.942980268065080118e-01
-8.003101626202741015e-02
-3.305908305030740846e-01
-1.407412922647049980e-01
-1.691137815311410941e-01
1.882382780018305724e-01
-3.056943285371571672e-02
-3.014946228576367848e-01
-2.257488742076187438e-01
-3.566513731379927776e-02
-2.448104037052282189e-01
-2.375736414548118014e-01
-2.901410655918316706e-01
2.235526323478754795e-01
-2.953475031319648947e-01
2.888121000978972619e-01
3.355881638579303328e-01
-1.579264904076238540e-02
3.166113298923349806e-01
4.848030865950458956e-02
1.731284230689470460e-01
2.808169842490972901e-01
2.278618265967332635e-01
2.886502092685196974e-01
-1.393422374527066299e-01
1.782533580913662208e-01
3.117258081452849439e-01
3.110275724928907026e-01
-1.611291144996657432e-01
-3.127367285368111705e-01
2.531385297461395956e-01
2.630017384385535673e-01
9.185754056526479472e-02
-2.104458513742947234e-01
2.080136612211861413e-01
-2.186641932402191568e-01
-2.021828581973894312e-01
2.562414855396292213e-01
2.482365121705850664e-01
-3.848602872159878618e-03
-3.088225970774175488e-01
9.868618990579025585e-02
-4.746522584638085407e-02
1.211474535583771939e-01
2.477860129680904411e-01
1.480698771783064416e-01
2.285775858987579845e-01
8.083002310062303852e-02
1.749960570598650955e-01
-1.947682299671180395e-01
1.448021640831551049e-01
-3.515151890363021892e-02
1.218019593995256500e-01
-3.213300142413719196e-01
-7.525238698667707782e-02
-1.302235952652026629e-01
-1.996810780434242483e-01
-3.321675919401704258e-01
-3.362180851191470254e-01
3.361354184507202580e-01
-1.881234663310113187e-01
2.803797233889048224e-01
-1.789443376119809748e-01
-2.991348453906587657e-01
-2.126509793800514803e-01
1.013148088694763582e-01
-5.461533399670470690e-02
-2.475297219754130640e-01
1.386000216111052397e-01
-3.242754419956789813e-01
-5.821525575653269113e-02
-2.351671872916561989e-01
-2.137977511279237630e-02
-2.822384675535294374e-01
-1.085830020318645506e-03
1.924249189410547345e-01
-3.312364157582107227e-01
3.106213881174353375e-01
-2.936650870365141164e-01
3.130670061416290784e-01
8.275941745166742747e-02
-1.668392984034471893e-01
-1.555900271125337797e-02
-1.881182748674420924e-01
1.298070404997681004e-02
-1.516103003034748042e-01
8.849073554379749407e-02
-1.065299162997638827e-01
3.227702414573502265e-01
5.230993707972336759e-02
9.523937806523596894e-02
-3.102974557806373324e-01
2.274882700549178960e-01
-2.297068746233457415e-01
-1.015523443251592495e-01
-1.883463926451172943e-01
-2.430790912335659137e-01
-2.325102371922814770e-01
-2.355999329234542139e-01
-4.415557667321551305e-02
-1.406642971454266922e-01
5.358403186701499177e-02
2.651012876386686923e-01
-1.137075270904887025e-01
-3.127269385850218741e-01
-6.777800317528442919e-02
1.598519454649314775e-01
-1.753378426566533088e-01
2.760709161766528030e-02
2.364017034004426421e-01
1.311744140236740241e-01
3.314101369696307309e-01
1.046954336444662070e-01
2.482354675278811706e-01
4.824615306370311218e-02
-2.005633360216418914e-03
-2.763395772860387511e-01
2.178321184213506401e-01
-2.744942440502694536e-01
2.620521072116871464e-01
2.194567519782045784e-01
-2.465829066505109690e-01
-2.756023099679098531e-01
-3.266375490266120174e-01
-3.342739976129697199e-01
1.199234419921352268e-02
-2.971727735212443267e-01
-3.239550630506885520e-01
-2.359175431743426588e-02
-1.697072391633418775e-01
-3.271747818782204109e-01
-1.855341094066649543e-01
-1.389205178981905986e-01
-2.066355620305979357e-01
2.615326372981445768e-01
-2.312227959615960615e-01
-2.905009157637977180e-01
9.966790202930708720e-02
-2.920155311636704609e-01
3.267472675652951519e-01
2.885214468835273216e-01
-2.035984216454317097e-01
-2.327936196748797426e-01
1.091192863756235143e-02
1.824343738552275385e-01
-2.359127663632261673e-01
-2.623328969800409749e-01
1.454138401867727803e-01
1.303041782957449213e-01
1.198506827513061701e-01
2.371963948966576696e-01
3.200628752591000437e-01
3.180410215517328609e-01
2.052102875216305078e-01
-4.935538976744852091e-02
-4.623582119577474003e-02
2.245372247083569084e-01
3.261209027655427306e-01
-2.611269181797698513e-02
-2.754992018652995811e-01
1.686882134123236510e-01
-2.607970441723639898e-01
1.623051888954276656e-01
9.161158970070176766e-02
3.042744918738142790e-01
2.666084103015726736e-01
2.163160996810252756e-01
1.408082408787494355e-01
-1.502745881094255109e-01
-1.338292246136181252e-01
2.676095157822694359e-02
3.269851028798848036e-01
1.288747226614330721e-01
2.739858578731408922e-01
-1.683352819268419120e-01
-2.817997523404618954e-01
3.000722313890145099e-01
3.079457895592466743e-01
-3.316838035666297424e-02
3.273980813143384516e-01
-3.312262481836042993e-01
-2.951538278196143006e-01
-5.147191490090957666e-02
-3.177864525712321142e-01
2.077224789616461953e-01
2.293512870202094600e-01
2.487984233577503757e-01
-1.311086710525513344e-01
-2.007773042254057394e-02
-2.071854842734044411e-01
-1.844260189914294357e-01
-3.256198782426522609e-01
7.169349461857599248e-02
-1.248822399348567258e-01
3.014268418959589191e-01
2.947828255961474353e-01
3.176685652577573293e-01
-2.004713568136502477e-01
2.853916258019704166e-01
-2.764704879133445536e-01
-6.066151413170017825e-03
-1.887888746353622027e-02
3.111364195665684562e-01
5.738483376002240233e-02
-4.394772288533754789e-02
-1.447868582221517597e-02
1.065330288797207148e-01
-7.501869052799287063e-02
-7.069580961338950420e-02
-1.184657143980924476e-01
1.625860001849112058e-01
3.249032259125379518e-01
2.782818320261404299e-02
2.089247983838097289e-01
-1.513238516449436910e-01
3.257890987117098014e-01
-1.110508631915746447e-01
2.504509034658064515e-02
2.144099909598575771e-01
1.834528586716654974e-01
-3.125892272709046571e-01
2.371627470160057038e-01
3.245783991474074925e-01
3.234895601454145231e-01
3.717882021394608438e-02
-1.874603814132305701e-01
-2.994088473639952008e-01
7.714619962091395777e-02
1.796945063087065364e-01
-1.589191859740298751e-01
8.939207994057152273e-02
-1.675823199888850368e-01
1.154369005539940818e-01
-3.173799260507528253e-01
1.655484425641196022e-01
-1.685641803564632835e-01
1.882516138546981299e-01
-8.895181540352103955e-02
2.858792941569501256e-01
3.282424581926211005e-01
3.214715728283781271e-01
2.899112930379904585e-01
-2.867403651942923015e-01
-8.306402682587005204e-02
-7.652613935079616292e-02
1.949271134606955780e-02
6.327946082328778088e-02
-2.753319023480028660e-01
8.306261861675323654e-03
-3.189294846377240811e-01
7.582702544234670716e-02
1.810854436495538122e-01
9.872329815844127499e-03
-2.728416177371543183e-01
-2.081510049058717393e-01
7.108953651453031597e-02
1.239318634265335062e-02
-1.600155602984014991e-01
2.484135783806825648e-01
-2.792983281271970153e-01
-1.985070288674018746e-01
-1.880402439458161989e-02
-3.089311155282254973e-01
-8.861764839766106405e-02
4.210632129735103479e-03
-1.131525519308686778e-01
1.316668379628115892e-01
-2.153871852983244017e-01
2.221495373480645297e-01
-2.512614527732589531e-01
-2.136586962523140953e-01
2.412832893925107580e-01
-2.214009057726626928e-01
2.124929567714957113e-01
2.996723933363406589e-01
2.601424177310068808e-02
-2.293588296622098843e-01
-2.860337211678993796e-01
-2.698571770813891213e-01
2.825940613716206862e-01
-2.099947828573608122e-01
7.893019531392825305e-02
-5.435213885841488901e-02
-1.726365530209463262e-01
3.372408250638589955e-01
6.269675125842449903e-02
-1.419951563370763781e-01
-1.885916009232985191e-02
4.415740854863503539e-02
2.738298265848044810e-01
2.570486055520887492e-01
-2.064772657201842665e-01
1.706076790551432909e-01
2.281014948930422115e-01
7.664362797864615606e-02
2.639767582480869734e-01
1.398248993817979846e-02
-2.159449503412335658e-01
1.824744363186081575e-02
-3.284204177352074150e-01
-2.013933551812039091e-01
-1.201303893683568769e-01
-1.822552464394663063e-01
1.642412306966544167e-01
-3.750088530689660304e-02
2.643256266891681472e-01
2.671683820997369230e-01
-3.177125634348367256e-01
-2.803889321500342424e-01
1.348065287382300692e-01
-2.857533640877711334e-01
2.362068487934100292e-01
-2.557331367877968553e-01
-2.222048354203116638e-01
7.007117031628423698e-02
1.815891502859733331e-01
-1.551006409725529667e-01
-3.639242702040318411e-02
3.642737570872411901e-03
-1.238585614428217019e-02
-8.649756127191271515e-02
0.000000000000000000e+00
0.000000000000000000e+00
0.000000000000000000e+00
0.000000000000000000e+00
0.000000000000000000e+00
0.000000000000000000e+00
0.000000000000000000e+00
0.000000000000000000e+00
0.000000000000000000e+00
0.000000000000000000e+00
0.000000000000000000e+00
0.000000000000000000e+00
0.000000000000000000e+00
0.000000000000000000e+00
0.000000000000000000e+00
0.000000000000000000e+00
0.000000000000000000e+00
0.000000000000000000e+00
0.000000000000000000e+00
0.000000000000000000e+00
0.000000000000000000e+00
0.000000000000000000e+00
0.000000000000000000e+00
0.000000000000000000e+00
0.000000000000000000e+00
0.000000000000000000e+00
0.000000000000000000e+00
0.000000000000000000e+00
0.000000000000000000e+00
0.000000000000000000e+00
0.000000000000000000e+00
0.000000000000000000e+00
1.146650152136762246e-01
-8.441717685357227885e-02
-1.887167303091034087e-01
-9.321057517066505538e-02
-2.624022495132558586e-01
-1.959079982130823849e-01
-7.620243824695682733e-02
-5.886965793826401394e-02
2.115170701959779298e-01
1.158583614238055670e-01
-1.353944919261951818e-01
2.304829090288719740e-01
2.237960841609118456e-01
-2.150967415916030800e-01
2.780563488265344607e-01
-3.026038926743011559e-01
-1.382012662832586003e-01
9.575670377862449678e-02
1.287058233135502383e-01
-9.997143638787592268e-02
1.048520792473403573e-01
1.029888458107680593e-01
-2.648267145816841639e-01
-1.178030775418379972e-01
1.489714290754619030e-01
5.051675107059822034e-02
-4.011040967077017516e-02
8.270914571008369798e-02
-6.457481352074806447e-02
2.110676572627235292e-01
2.397216693353133032e-01
1.185460402726205009e-01
1.720515168690899266e-01
5.594102259757133266e-02
2.521607134938877448e-01
-1.496298460277087905e-01
2.265155718623270142e-01
2.808327709406122641e-01
2.859117978060095600e-01
1.957345088407695388e-01
-2.084567387556229834e-01
-2.906253432576028084e-01
5.597552808247580058e-02
2.357984627608695205e-01
-2.959718981424422357e-01
2.845296782247901946e-01
-2.371240215053190548e-01
1.740883425248530569e-01
9.109552201304110808e-02
8.413891210128671139e-02
-4.336496491499836070e-02
-1.503138213076879448e-01
2.172299157057137609e-01
5.272802880023136352e-02
-2.977661599438279905e-01
-7.002564624779755720e-02
-7.588420514667085226e-02
2.812362023723302129e-01
4.071066885099233756e-02
-4.051948865092042107e-02
-2.942847901498265029e-01
-1.519370034302538197e-01
3.409294668236484416e-02
3.859182124510024403e-02
-1.512149622328122778e-01
1.227056469139009565e-03
-1.903130734109269584e-01
-3.001965464546010320e-01
4.513691807816555546e-02
1.008037748636073094e-01
1.134518444724389452e-01
2.021415448937871617e-01
-1.403990986183532019e-01
8.368042648009144102e-02
3.023553313655186203e-02
2.546937737973251070e-01
-1.393274976199783965e-01
-9.207407069095469021e-02
-2.925487036747593805e-01
1.494040758328435414e-01
1.943178089389399621e-01
1.375250075662685090e-01
2.957316727951838087e-01
2.365462803239158363e-01
-1.734915276885554136e-01
-1.019011889290590278e-01
1.848607883352635373e-01
-2.859225561306114050e-01
-1.928577344194948306e-01
2.220942570897811996e-01
-2.629393180217253767e-01
-3.786220827940056655e-02
7.232352672405872873e-02
-1.690411694212887450e-01
1.788271269926338669e-01
-1.582295085108381683e-02
1.315606355847635522e-01
2.588238898023404455e-01
-2.569929299694918012e-01
-1.261050188930454008e-01
-2.632245578525627683e-01
2.803563205841331230e-01
-1.907828705297215377e-01
3.217456818490960213e-02
-2.883990967318896259e-01
-2.178684032263229209e-01
9.541518748526878202e-02
-2.678385512242673627e-01
-1.221617200105603596e-01
-2.074329726780587135e-01
-1.048261004617339065e-01
1.289356204272818496e-01
3.281830109611039159e-02
6.648900267232060735e-02
-1.120224207346224021e-01
-7.074368453905816034e-02
-2.826209745506169657e-02
-2.918773642452086037e-01
-2.137250786629288357e-01
-1.730148837440834975e-01
-1.289871740873638206e-02
2.368137203210990971e-01
-4.059177040757983024e-02
2.595272269611582083e-01
-2.572506594765183729e-01
-6.706778253802736511e-02
-8.115166250970304307e-02
1.689660420768375748e-01
-3.049253555383991121e-01
1.883912328254728208e-01
-2.116537878214041490e-01
2.089450346828237159e-01
-1.633605269271053428e-01
-2.075805986670760106e-01
-1.154597693728726115e-01
6.111044491947364987e-02
1.276818501262518279e-01
-2.457236018777108622e-01
-2.651031339718075142e-01
1.855209755350871736e-01
8.608443798271969705e-03
-1.089349289412492316e-01
-9.612767206496103389e-02
-2.039345844734696822e-02
-1.087327751586262270e-01
-2.569255189121026350e-01
2.771506275775521000e-01
1.342770388283182070e-02
2.753198163768870166e-01
-1.304182599004273524e-01
1.115142584554619787e-01
-2.085500168824062639e-01
-2.987611277294860423e-02
2.992185932596024833e-01
3.400460847755049087e-02
1.025942213321523466e-01
3.035771102949794131e-01
-8.134306463680202048e-02
-4.419008052683759402e-02
-2.412972331194337405e-01
2.018698310649447714e-01
1.022092811643558474e-01
-4.000243039756345986e-02
1.900655956299365790e-01
1.835644471633737229e-01
7.881423022173944526e-02
2.922930501378213086e-01
-9.209501398236888403e-02
2.891171175520723113e-01
1.380208495961933735e-01
-9.868084286512743275e-02
-2.856398545486579788e-01
2.128611882508321673e-01
-1.638184040749576520e-01
-3.354845763169972406e-02
2.233513562154198495e-01
2.203928069100216658e-01
-2.503222767385215319e-01
-3.041532218843753244e-01
1.361669245505258141e-01
1.521012293346544197e-01
-9.992624464422228403e-02
2.636849096262361969e-01
1.895931899500991058e-01
2.433384087627752934e-01
-2.439250949686657677e-01
-7.161732572992141055e-02
-4.148174808527621549e-02
1.876331142244458405e-01
-3.025445233540570156e-01
-1.951252261339388727e-01
8.754429024244075874e-02
-2.447215811217515746e-01
-1.281822703383311834e-02
-1.274743110312568095e-01
4.237413244509052879e-02
7.346062124084401512e-02
-2.017835988291898086e-01
1.206398862522768400e-01
2.133693989954616455e-01
1.765928402892520954e-01
2.784584794690371790e-01
-2.790217870906515629e-01
-2.822433427029109043e-01
2.073898753535868278e-01
2.537990653513329531e-01
-1.466068957804839701e-01
1.205175319157869573e-02
1.855925862722764275e-01
1.959957094039895265e-01
2.575409906870905208e-01
-2.310650238732369077e-01
2.413460744402154412e-01
1.273655763611763470e-01
2.800917696166302373e-01
-4.494929491472221539e-02
7.817344130917763811e-02
2.741974101010319909e-01
-2.756283076148871025e-01
-5.947684551522444685e-02
-1.451763047620139579e-01
1.785258234192114712e-01
2.984896793480325550e-01
-4.083555847714803733e-04
1.390741877262733350e-01
2.527649068498083462e-02
9.180173118992279724e-02
4.924521247487678721e-02
1.763734180399467166e-01
2.099495885274937912e-02
-2.259881538272079660e-01
-8.977830346196827294e-02
9.538695256404872147e-02
1.160221728839517796e-01
9.321936619528098378e-02
-1.163025817606829215e-01
4.552485001032424705e-02
-2.955285492762509403e-01
-2.759319311202425018e-01
1.800493230995470206e-02
2.155280349541134899e-01
-1.516826863666331793e-03
-6.422445130101617217e-02
6.254565781224519228e-02
1.541499062450569779e-01
-4.483171404099339785e-02
2.417409948347912230e-01
-6.410336460800994396e-02
-4.996768902369808085e-02
-2.028866590147555271e-01
1.922713593673452404e-01
-5.357306930020466762e-02
-2.084003611646838006e-01
-2.934865848438730773e-01
2.195972070709084067e-01
-1.249413942553906365e-02
1.856396499083994844e-01
1.941867980665091253e-01
-9.440850746170356689e-02
1.544645599480669040e-01
-9.194161577789874973e-02
6.187687621607884658e-02
-4.731560135038065384e-02
2.688434638424824219e-01
-2.929107021614359985e-01
-1.939787450673831626e-01
-2.351949193188371257e-01
-2.976647615697734506e-01
4.333182932992601932e-02
-2.725703897037255463e-01
-2.241068578656856269e-01
1.039152476158770599e-01
7.338042907916930702e-02
-2.883471926009217312e-01
-1.436522069519542699e-01
2.485472640751423268e-01
8.748072942173107380e-02
-1.515954167774933026e-01
-2.552050565460345366e-02
-2.693922340130172621e-02
2.229502241617327685e-01
9.453534367096350088e-02
2.610171378529030917e-01
-1.120746992782234441e-02
-2.473562483175688609e-01
-2.750986597264559186e-01
-9.132691784140262170e-02
2.160141916380851623e-01
-1.787409201224537669e-01
2.618611244099011137e-01
1.017160887430884619e-02
7.767461148357390766e-02
-2.566404235024116187e-01
-2.810693682324995613e-01
-2.298428558372156705e-01
-8.881551363322021109e-02
7.279817898391438558e-03
2.655325283117451751e-01
2.820741665588332725e-01
-8.937966570383243381e-02
-2.433692062864811212e-01
1.016661254747134313e-01
2.692382638990920007e-02
-2.275902455818002990e-01
5.465917206296200259e-02
2.252907536114487352e-01
-1.107893705957804231e-01
-1.278331203839654928e-01
-1.438836132115763056e-01
2.925534149042078869e-01
8.717175022517253957e-02
2.764008615798902446e-01
1.187985054213369640e-02
2.995687629792176954e-01
2.541185093911400572e-01
-1.333071980542775425e-01
2.838092514472145833e-02
-1.206049394720788981e-01
-2.581238814036734830e-02
1.701057485808312730e-01
-8.101353331176716632e-02
-2.328771535628358369e-01
-1.939439259801249704e-01
-1.903395670428363329e-01
1.374023379302989345e-01
8.287991573354858144e-02
2.848386235631423236e-01
-2.401038101710611383e-01
-1.344253028125305949e-01
1.160181482142463860e-01
1.312937458815361391e-01
-2.205286925862001146e-01
1.534522574892629443e-01
-1.140481985098307782e-01
-1.475321133928768902e-01
-7.467061575031913589e-02
7.243497074261773250e-02
6.290832852377031825e-02
-2.391227985767875874e-01
-1.031711451620852538e-01
-2.828627984319356248e-01
-2.240160836231575303e-01
1.281016496754983081e-01
-2.376492827354812487e-01
-2.995819232188679515e-01
-1.609737907582997618e-02
2.634208687818321848e-01
-1.213130764842096365e-02
-2.415797068231450295e-01
5.169370463546835159e-02
-2.368449006968328385e-01
-1.798586637072225325e-01
1.172181939389976835e-01
1.361897177835438844e-01
-2.922667357846333025e-01
1.078921555852648817e-01
-1.220567443652159911e-01
-1.173079365574462296e-01
2.347559464599870416e-01
-5.240547579680138179e-02
-2.253362978359226831e-01
2.773491622997105721e-01
1.431310025844699796e-01
-2.135584978211737261e-01
2.565106757543771931e-01
-2.202698646769364332e-01
-1.540712844137027970e-01
8.374388502841739745e-02
-1.106761583698412377e-02
-2.052206620126396652e-01
-9.687552970224483362e-02
-2.422639749344454307e-01
-2.016070945652966295e-01
3.037163111289464812e-02
-4.067353872964019068e-02
2.521811166340351407e-01
-2.729197444924916227e-01
2.003657057185805335e-01
1.265516619476120819e-01
7.953657636463606906e-02
-3.003814345951948406e-01
1.195592899700450573e-01
2.432623929866662427e-01
1.339585240151836554e-01
-1.883975399113884119e-01
-3.055046592491404422e-01
-2.650571228086106013e-01
-2.078676667138715795e-01
-1.109745547324979265e-01
-2.931286495500211586e-01
6.639756231103249862e-02
-9.793577698524483233e-02
-2.259335875949946004e-01
-2.350367967113832224e-01
3.036190408167340204e-01
-1.589946133452360411e-01
1.414208641323057014e-01
2.031323880324388820e-01
-1.384756986022592506e-01
-2.548628853082731682e-01
2.537399056481504656e-01
1.959197350939987925e-01
-1.034455559654290369e-01
-1.581178456904023255e-01
-2.618968767832337008e-01
-6.799437157387452912e-02
8.483960078024355145e-02
2.376163989354925232e-01
2.440467696371897977e-01
1.086424448681396204e-01
2.719652166658159120e-01
4.176991409479552386e-02
-5.292627514309178327e-02
-2.385428100322491973e-01
4.348638464408133286e-02
6.846558123908408344e-02
-5.115469536108924187e-02
-1.511699380426816675e-01
6.159701053496874357e-02
-1.416476101600484538e-01
-2.226648167044975590e-02
-2.015237905170776944e-01
4.774139289670498165e-02
1.343879945430662692e-01
-1.927561693682803834e-01
3.831647934526044574e-02
-8.824281061133729120e-02
9.858792476457600706e-04
-2.553207988252851890e-01
-1.612161041598397238e-01
-1.858922533735955507e-01
3.021355351723196692e-01
-1.452756385080069546e-01
-1.446722490647042447e-01
-1.015644047784223236e-01
1.545430262453553194e-01
1.130553814929052825e-02
3.366284953061798868e-02
1.525335884732807457e-01
-1.701270180816834843e-01
-2.599564001755745313e-01
8.385315087183853322e-02
1.230939989219116404e-01
1.288006147132146340e-01
-1.023648527292031762e-01
2.581304519689739396e-01
2.751274623369087124e-01
-2.248967411226493462e-01
-1.783452642789857268e-01
1.350445442579458200e-01
4.509728661766970736e-02
1.312872161257704895e-01
-1.913107805592968724e-01
6.885658887446099996e-02
1.148685889206316757e-01
-6.842669636780440712e-02
-4.816710700141774160e-02
2.343425908454051521e-01
-1.686612558926980920e-02
3.264620082303937298e-03
2.358455844759603237e-01
2.105091891774613644e-01
-2.476323410559998495e-01
6.063279541547894613e-03
1.287013682006674653e-01
-9.542309872265547499e-02
7.990553606426253896e-03
2.661468467610432209e-01
-4.228687456251373211e-02
2.571814092442610833e-01
2.810204787544296479e-01
-2.866193667271130785e-01
1.029649318071575448e-01
-2.747809705572838435e-01
-1.681262952386841369e-01
2.328386267071687610e-01
-1.978830745972049998e-01
2.209535949514057629e-02
3.036054623786425544e-01
1.650807162268284611e-01
-9.227716220269210901e-02
-1.723808423935555278e-01
-2.430173111749724668e-01
-9.039739537886543053e-02
3.967215959272957226e-02
8.002284868413578334e-02
-2.353101916535802751e-01
1.100235228049560310e-01
-3.051559969911582515e-01
-2.850166725917194777e-01
-2.821331560139413996e-01
9.754208132810265885e-02
-1.134866399825183725e-01
-2.198866264847243179e-01
2.344849120723459523e-01
1.520453592576035962e-01
-1.280113328131204375e-01
2.698411347557921336e-01
-2.144294634659757171e-01
2.479532116757602878e-01
-5.003229346057752602e-02
-8.552609816247502827e-03
-1.890566514273477328e-01
2.072444259638666630e-01
-3.414043332386579310e-02
-2.059179721113517103e-01
1.901649023633457114e-01
-1.791827894618850670e-01
-1.216672867018551984e-01
-1.053878976693438385e-01
5.708232096156751201e-02
-2.211884309630935408e-01
2.017550269151532905e-01
2.486785936096752581e-02
1.907878477346330870e-02
5.472391460155107135e-02
-1.377738539844930443e-01
-1.869886382189483998e-02
6.880871400923266323e-02
1.370316739979370868e-01
-2.614714669824736992e-01
2.344158910931223860e-01
-4.837383863399657979e-03
-2.040112550267081382e-01
1.257058394998399886e-01
-2.403054963386722642e-01
-3.121208735150704516e-02
-7.987417058305062989e-02
8.242165601844020362e-02
4.963208846714417533e-03
8.843477457741388825e-03
6.316108641515083555e-02
-2.019142222174490908e-01
1.600430547007068438e-01
2.679252180160122676e-01
-2.258447627534757307e-01
-1.228949163712947934e-01
-2.554090129773081697e-01
3.760362031722119802e-02
-2.448440755017447235e-01
2.571671683689520926e-01
2.442550327807577193e-01
-3.024496167683758396e-01
1.453881034052345034e-01
2.473819632940580937e-01
2.725371955604720120e-01
2.040491113847182070e-01
-5.490408554198639157e-02
1.061829217645302026e-01
-1.557250663547314617e-01
2.483263963920220863e-01
1.199568960207637591e-01
-1.319215147688943268e-01
-2.167829869448064106e-01
1.276333466873990630e-01
-1.580039499141981385e-01
2.180310626025077636e-01
-2.016261472584581216e-01
-2.268882838104184785e-01
-1.073286582609136453e-01
4.338535339079852005e-03
-8.723023277179542401e-02
5.845435219068051413e-02
-2.737404187839929115e-01
-2.337518128620142410e-01
2.180590335582355821e-01
2.506507849889733630e-01
-1.364444851965614380e-01
6.965678361210725367e-02
4.981058750020578296e-02
-7.028165130153615769e-02
-1.767687040339137594e-01
-2.262613683342692417e-01
3.022188253854270479e-01
-1.182172674974355242e-01
2.144863100809112910e-01
2.079171729094190790e-01
7.593721056105712242e-02
-4.685912396606034536e-02
1.027392872967774484e-01
4.952126027963965615e-03
-1.585840441293795144e-01
2.667515960088733817e-01
-1.081876186412723539e-01
-1.282330456371831851e-01
2.786727096524150293e-01
2.459729961413678612e-01
-1.560924912473705406e-01
-7.674610300571019228e-02
2.811083519856966140e-02
2.776925531731465058e-01
6.321864485868633476e-02
2.760069616729876607e-02
-3.014987865212335194e-01
2.070589452487174298e-01
1.565152079314496292e-01
2.241745460788455158e-01
1.674125458313708292e-01
-9.450317868346339023e-02
-1.183825047014451792e-01
1.006248421251985659e-01
2.802751205706174864e-01
-3.694308004066748641e-02
-4.922285579504487307e-02
-1.288416547810782020e-01
-6.621637121689769034e-02
1.138423284187545237e-01
-1.426383072073423297e-01
2.202259409094182163e-01
6.285259585922781111e-02
2.647648595329213372e-01
4.308890327632730610e-02
-2.950038013869130116e-01
9.909429899508293005e-02
7.808980676014831701e-02
-1.750757951554430536e-01
-7.110216539029157179e-03
-2.481553341734318296e-01
-2.700294593452526315e-01
-1.263480316759182931e-01
-1.558286840968589604e-01
2.214526316961430985e-01
9.555634273651930632e-02
-1.869957545182319159e-01
-4.315604322060562215e-02
2.814298032587691512e-01
2.161964253985687034e-01
-2.602931392992726689e-01
-2.940340835818596732e-01
1.409817752305331795e-01
1.117421014024124193e-01
-1.395752565657591149e-01
-2.818135568975880245e-01
-2.874287149888677950e-01
-1.155411732258842805e-01
2.146285856136243009e-02
5.939550947071042808e-02
1.838406948975175315e-01
2.572135338888142941e-02
2.947492185614467020e-01
6.537521212688635064e-02
-2.726872655905885900e-01
1.412267066842970431e-02
-1.412546467406103623e-01
2.037779074531571033e-01
5.317347363950719608e-02
2.314936090792924506e-01
-3.003819672563329823e-01
-2.092982348268774273e-01
-2.685994088435378346e-02
2.079228248464951023e-01
1.289992225242095336e-01
-2.698170524580407181e-01
8.607998110454451179e-02
1.790027915551145599e-02
6.695578797302609297e-02
-2.019754501195663021e-01
-2.867060958126786407e-01
1.495779670934288541e-01
6.415217084811314363e-02
-1.044897375041288490e-01
-2.156723108969191838e-01
1.297132643570794719e-01
2.472303007717890910e-03
-2.633839620586835295e-01
5.368030013194957650e-02
-2.540569410484133095e-01
-6.854252407962224680e-02
5.867042855325177442e-02
-1.094271275091351914e-02
-1.014906879626385761e-01
-9.942557608352603493e-02
1.505881058371436598e-01
2.668059049641436364e-01
2.717437933222157098e-01
-2.596468708212711918e-01
2.097184424011646064e-01
1.465904987017193073e-01
2.990937648438395935e-01
-2.545436473657328724e-01
1.852576166353717135e-01
1.193614781358796617e-01
4.929903644263228246e-02
4.820351013065049539e-02
-5.459431360090710728e-02
1.248363376715460604e-01
2.807064578727663240e-01
-1.681938942155963290e-01
-2.017815456696324117e-01
-2.095241667653115758e-01
1.888576251436019371e-02
-2.642448837487388347e-01
4.573621577228953461e-02
-2.440769008982532073e-01
-8.299457135361232307e-03
-1.433767890257530153e-01
-7.407330585669638645e-02
9.579434472686876312e-02
2.193701313486030036e-01
2.393752421454875545e-02
2.961023349425650486e-01
-6.696670757279299391e-02
1.829295390884559391e-01
1.940492069996874736e-01
5.710496508732137988e-02
-1.342279462031958082e-01
-8.243733494934854522e-02
2.181701144218381461e-01
7.379012746997831718e-02
2.129242656942137990e-01
-1.083951191313957396e-01
8.707192492206505818e-02
1.490334520833282994e-01
4.125650208355480242e-03
-1.394843412320383169e-01
-9.593745302070680325e-02
-2.798608963525117677e-01
8.125365652514487946e-02
2.416772288499192123e-01
-2.940271987433294987e-01
-2.271555404696961877e-01
-1.265432416478367572e-01
-1.533883914354480793e-01
-8.681940717914449213e-03
2.566883287276820469e-01
-6.335247314420744402e-02
4.099145545736521123e-02
2.289297633579730484e-01
2.103199314463975456e-01
-3.306896168603035147e-02
9.514945818199804783e-02
-2.759693945313648200e-01
-2.398189713227020792e-01
-1.914301648345484441e-01
-2.721285071878513651e-01
2.848847522914699226e-02
-1.270223447933885030e-01
-4.096372777535545184e-02
-6.193101333798803343e-02
-1.823177888836544358e-01
-2.514814207824062620e-01
-1.298274447360985295e-01
-2.397774602211748540e-01
2.421155907276068553e-01
-1.387061174574067413e-01
1.045115153368237904e-01
2.701483623259775535e-01
2.382426292860742589e-01
-5.683223339347842629e-03
3.339574698957292753e-03
1.690050945319901410e-01
2.207456229511484125e-02
-5.615094582788177080e-02
2.450245369869191170e-01
-1.537944382145033373e-01
2.929585149624894247e-01
-1.365782210453873602e-01
-9.851309720907316936e-02
1.921231929166412056e-01
6.144053446623282122e-02
2.743243102395835353e-01
2.419447273276242316e-01
-7.793459895807311466e-02
2.822768622710142838e-01
2.364139424034567560e-01
4.188559175276640456e-02
1.570168177314998359e-01
2.957923654672685587e-01
3.047857439362184340e-01
8.575870763941589869e-02
2.124319753030989300e-01
-2.750540697938413937e-01
-2.564810983463398086e-01
-2.236597126950814474e-01
-1.265587935255653718e-01
1.083514430725263100e-02
6.678521168792694862e-03
1.759746476749267652e-01
-2.159427522275358946e-01
-9.243787624964472371e-03
2.843372834468854693e-02
1.078553075241945880e-01
1.512713924222512940e-01
4.053366970102934008e-02
-3.011777499375904998e-01
-6.284497616096249017e-02
2.371358226202940345e-01
2.037486531378274179e-02
-7.904326755039919883e-02
1.948009758668627911e-01
1.238106565646264756e-01
-5.633164346234389996e-02
-2.209193663121628015e-02
-3.012393054077276422e-01
1.570957696838587436e-02
9.457301515124827418e-02
6.974904590751840328e-03
-1.280247383794449190e-01
-1.065648948812338848e-01
-1.296180568981836201e-01
1.116875684909668931e-01
1.540832841672950537e-01
-6.372369609508266031e-03
2.620073836326832217e-01
1.864736467978537759e-01
1.689823938662196046e-01
-2.829075405136644017e-02
-2.297865426462584182e-01
-2.941062191884299959e-01
-2.663784094911260114e-01
2.193015870621597974e-01
-6.673699993454698665e-02
-1.095401168353632160e-01
7.290238302695134509e-02
8.356739875494623160e-03
-1.578578033010208381e-02
1.961712811593720462e-01
2.251173873538109271e-02
1.752300615081162083e-01
2.626698638040488309e-01
-2.408203544014415609e-01
1.780280525620188126e-01
-3.031873822864609158e-01
8.435803795632779156e-02
-2.995731968350719421e-01
2.889993122281098725e-01
-1.231483451723587308e-01
-1.094045213091976165e-01
-2.961514231922168228e-01
2.034357526418050788e-01
2.913431169635227191e-01
1.758671499325156207e-01
-2.801483918520479288e-01
1.106688944531907803e-01
8.312214611386370411e-02
2.220371779309621152e-02
-1.896404044200417083e-02
-7.431211409334562146e-02
9.469004659780705380e-02
1.550469510499163928e-01
-2.467949588788330428e-01
2.173046107057635123e-01
2.999932002652692664e-01
5.958146519162571542e-02
-6.044155543574403211e-02
1.293827632497769331e-01
4.519848244036783758e-02
-1.387496869167962055e-01
7.958582923017720745e-02
2.402056301252495918e-01
7.627360766814461623e-02
1.100340637652523768e-01
-2.629923863470658985e-01
7.349540350239974762e-02
1.565268287325069507e-01
-1.022280330165445950e-01
-2.167605631765514018e-01
-6.319696066116201050e-02
-1.932127904330780688e-01
-7.283586882567075205e-02
7.271295375679071027e-02
-2.606137762965677340e-01
-8.564809725081887204e-02
-2.971255717730305612e-01
-2.301950723139504218e-01
2.808221177309885852e-01
-8.623373473790366117e-02
2.046621532485372597e-01
-1.049010546350038486e-01
-1.592522988875594292e-01
1.178820529695622787e-01
1.042829411060818279e-01
-2.691445666988092622e-01
-2.626687810337391404e-02
1.388844631767979232e-01
1.337047895421595856e-01
1.518788636762957167e-01
-2.704206366067580247e-01
7.398920001905590071e-02
-2.422178800379461427e-01
-1.240278054674867070e-01
3.183240690568617248e-02
-3.761435676187158128e-02
-1.920297769695627210e-01
-1.315619364452262907e-01
-8.048530291093727862e-02
-1.642853089456791649e-02
-1.652521892358527755e-01
-1.714611097975288212e-01
-3.385780391767406750e-02
2.914570502946152719e-01
-1.444103146572352503e-01
9.964677056778326047e-02
-3.239723147072232079e-02
2.422316216854054072e-01
8.364284828367041236e-02
-6.163188582164319529e-02
6.766199423550500747e-03
-2.933362062806517678e-01
-2.020768822713344126e-01
-2.458997108144650445e-02
1.027552102660735933e-01
7.991683336061711218e-02
1.509028924052495668e-01
1.350645982334233719e-01
2.937906273039815885e-01
-2.917616256327123514e-01
-1.600568290598044785e-01
1.971594740259014489e-01
-5.645132621993784183e-02
2.480946756661750463e-02
3.432013523493993024e-02
-1.744652481142686395e-01
-5.672855249582109405e-03
3.730205013424525706e-03
3.082310436447904811e-02
2.079885662273561198e-01
3.790076658169683199e-02
7.698438904502324931e-02
-6.041851106363327339e-02
2.364171386375773509e-01
-1.479072072500196011e-01
-1.417216647421431497e-01
3.033935535410198781e-01
2.917338303218647289e-02
-1.593584768773342875e-02
-1.384006070375989883e-01
5.009344457209152779e-02
1.334962109905176719e-01
-3.031313256974910719e-01
2.882903046719149098e-01
-2.803654113703155093e-01
-2.827539462125693293e-01
-6.275599949608337558e-02
-6.224828605259144498e-02
7.784407704404566752e-02
1.045265267219558925e-01
2.310603651268109959e-01
1.422369116532424260e-01
-2.692570560605378471e-02
-2.876041063768397521e-02
-5.857301796025241036e-02
7.621772446856461825e-02
2.506619144642385222e-01
2.421139192777818638e-01
-1.511045170079267086e-02
-2.087979478660573207e-02
-5.988153651560743085e-02
1.843189579159629776e-01
-2.887741311956336654e-01
-2.561711140417154420e-01
6.409393907224003595e-02
-1.340838167080359855e-01
-4.662184261071450342e-02
2.943361442137195083e-01
1.431736285844500411e-01
-9.099835929097693787e-02
3.060667640209310814e-01
-3.193385347178528955e-02
-2.652365940419226797e-02
1.737047261399320419e-01
-2.158844517120583339e-01
-2.126636642433835100e-01
1.852151052176886914e-01
2.617950670030371740e-01
2.317383364220353958e-01
-9.212271454803500070e-02
2.864208436370606070e-01
-2.062283904216912767e-01
1.428952801450189547e-01
6.033061660903393797e-02
-1.144320555442356335e-01
1.355936207169239349e-02
4.222366890093487424e-02
4.076215155124912615e-02
-2.400887933852404732e-01
-1.952644572257594691e-02
3.194522360216117685e-02
-1.607440104208735510e-01
-8.275987790308422798e-02
-1.738815110027676913e-01
-2.794943085985048259e-01
2.566546400555571039e-01
-1.634268377038485265e-01
-1.644762140944450723e-01
1.739071899490960416e-01
-1.726787815363942380e-01
-2.105665794391079482e-01
1.721484389343679311e-01
-2.585532325760740990e-01
-1.930570946612859273e-01
-2.857022140630772200e-01
2.948477391275051152e-01
-1.849514527262959840e-01
8.878114933917985452e-02
9.303483576193644078e-02
-2.291745036124935853e-01
1.468089269506279715e-01
-8.591116812627258570e-02
2.392996609149417586e-01
1.985060907663591112e-01
2.985393887057891660e-01
-2.471616569798181506e-01
-9.336784607339443376e-03
2.806209454106466938e-01
1.368674740932240286e-01
2.730415598203340122e-01
-2.841275915092587590e-01
1.710650863003009836e-01
1.585309062386516255e-01
-2.091221878399022738e-01
-2.153134712517632832e-01
-2.649497747648290047e-01
1.906657694787874391e-01
-2.849235443251002531e-01
5.226913981021491518e-02
1.940649202032123655e-01
1.649175023571775034e-01
8.454121379747930876e-02
-1.939987281319081880e-01
-2.273204028256740616e-01
-1.098129926037256787e-01
-1.690322195508912329e-01
1.216618250675027824e-01
0.000000000000000000e+00
0.000000000000000000e+00
0.000000000000000000e+00
0.000000000000000000e+00
0.000000000000000000e+00
0.000000000000000000e+00
0.000000000000000000e+00
0.000000000000000000e+00
0.000000000000000000e+00
0.000000000000000000e+00
0.000000000000000000e+00
0.000000000000000000e+00
0.000000000000000000e+00
0.000000000000000000e+00
0.000000000000000000e+00
0.000000000000000000e+00
0.000000000000000000e+00
0.000000000000000000e+00
0.000000000000000000e+00
0.000000000000000000e+00
0.000000000000000000e+00
0.000000000000000000e+00
0.000000000000000000e+00
0.000000000000000000e+00
0.000000000000000000e+00
0.000000000000000000e+00
0.000000000000000000e+00
0.000000000000000000e+00
0.000000000000000000e+00
0.000000000000000000e+00
0.000000000000000000e+00
0.000000000000000000e+00
2.095901827588244060e-01
2.254803938414527420e-01
3.052677970094400117e-01
-1.461044918020732997e-01
2.479875494241878253e-01
-2.390531442828498498e-01
3.265725007714989636e-01
-2.668132452560681989e-01
-3.884591302855139316e-01
8.364756072487489202e-03
-2.421304777811675024e-01
-2.066510816158030062e-01
2.246434841756759782e-01
1.948379305562834563e-01
-2.395364932335295738e-01
-1.003060298109731963e-01
7.387973400353953224e-02
-3.741349979266326287e-01
3.955411450785576988e-01
-3.337250475677467909e-01
-1.357505392254626519e-01
1.250116535860800737e-01
1.322200950497197103e-01
-2.233789951542679286e-01
-1.897575620201094604e-01
3.608866229002979931e-01
2.952468806696146308e-01
-3.593427940947679367e-01
2.117356842085643676e-02
-2.030900884382162430e-01
-1.378922199368972645e-01
-2.082626172152973743e-02
-5.048533417338041396e-02
-2.999061973345651388e-01
9.788837779738490674e-02
3.459203927468526563e-01
-1.933215202846073622e-01
1.281159303025120044e-02
-4.055880260839933582e-02
-3.566472226410688506e-01
-2.934144876048248585e-01
-8.867807962849111325e-02
-6.365561298617161690e-02
5.433685588675435385e-02
-1.632641639718349080e-01
1.161945371310531550e-01
1.822004278234958252e-01
-2.630652243639114429e-02
2.279865896465139152e-01
3.773991898510907217e-01
-2.291649272584165564e-01
-7.441338485439713546e-02
-9.936550685131573246e-02
6.408644350265690903e-02
-2.794779638849502756e-01
-1.883862606964344377e-01
-3.102484258485060375e-01
-1.035788037797105154e-01
1.638760634174284969e-01
2.075373894879103953e-01
-5.028771234568263360e-02
3.917454014203858303e-02
-5.916589364428403996e-02
4.264903369942818490e-02
-2.495824935976779790e-01
-3.787154946619080143e-01
-1.113232485658448567e-01
-8.962282109233005167e-02
-1.375280485603198044e-01
-3.684753215448528518e-01
1.854488169726352109e-01
3.716657681501926436e-01
9.866446706623444030e-02
-3.115273300419723057e-01
2.312254023169418859e-02
3.322967295495667384e-01
-1.014096156440564833e-01
-3.744360210530738864e-01
-7.267551477984135477e-02
-2.503081893242997680e-03
-3.694050281210437547e-01
1.038031590448026953e-01
-3.860755345835862329e-01
-1.698951576419610587e-02
-3.313246884306756956e-01
3.559804071032815487e-01
3.414881218368162608e-01
2.348276211393960922e-01
-2.491892912653518033e-01
5.455034314494799919e-02
3.191248070192609920e-01
-3.593794545806400231e-02
-2.269109829773688636e-01
-1.854528575889402564e-02
-9.159706511061843637e-02
-2.606942494049316328e-01
1.009998389375602601e-01
-2.852796777869699429e-01
1.009138856682778584e-01
3.267137739060857471e-01
1.829725201169354887e-01
1.658476826056479170e-01
-3.661269621329963364e-01
3.871039121972055796e-01
-3.052732191239528881e-01
1.603653397639908662e-01
-3.064865543029604567e-01
3.879347970908987864e-01
-6.063737808947883279e-02
1.181684963149759460e-02
-2.791881042373727806e-01
-6.874562249215210308e-02
-1.921920561928652516e-01
6.371833710735030909e-02
1.338285818334351007e-01
-3.920592090299024335e-01
3.250433578746447782e-02
-1.893368156524223855e-01
-1.395323396830990825e-01
-5.104592032027216453e-02
-3.108004339704586449e-01
1.554716345894781582e-01
1.959274175687374941e-01
-3.058904262081323377e-01
3.860447153614695037e-01
-1.093670775364103953e-01
3.178708526338463458e-01
-1.957181513940678685e-01
1.239551303272428684e-01
2.374369242552120673e-01
1.217059537275651526e-01
1.742509069488868412e-01
-1.503336192004379734e-01
-2.971922642488208366e-01
-2.850406990309863886e-01
-2.687139690964340799e-02
3.198953800081675847e-01
2.349503644797207302e-02
-1.002457606438217352e-01
-1.718321517832560597e-01
3.774453741785846472e-01
1.183913345858791932e-01
-2.878248961106274484e-01
1.583974515503072666e-03
-1.747528219376071335e-01
-1.473099428937110766e-01
1.568507475840933973e-01
1.366397181287026807e-02
-3.688111213648946340e-01
-2.907485054124536172e-01
-1.161861831136376533e-01
3.283138254594075156e-01
2.513084829804739795e-01
-3.624220337696962835e-01
-2.431996875481331477e-01
3.708919477756190131e-01
5.558422857338091161e-02
1.350131413535152203e-01
2.553893447061238997e-01
-2.581438338385298459e-01
-3.011432607756812097e-01
-2.112782803657331510e-01
5.124967219626386239e-02
1.957894579368703591e-01
1.203378264406980702e-01
-2.139319074692950795e-01
5.807727519331334909e-02
2.621622869899586927e-02
3.367294503158055341e-01
-3.842989723029508475e-01
-1.227674081168647069e-01
-1.681514760370944883e-01
-7.613784627398351157e-02
-3.140190641213546630e-01
7.425388924864734230e-02
3.972904790318605994e-01
-6.614314409599258981e-02
-2.923393250626229456e-01
2.859206878986709222e-01
-2.425754210279334744e-01
3.005941639691472322e-01
-3.568019608452272506e-01
3.752931264514260401e-01
-1.154342147913605121e-01
-1.180976504148253947e-01
-1.079903992698513782e-01
-3.085477737311403956e-01
4.529857362557038192e-02
-5.838955402256229554e-02
2.918345052971717535e-01
1.534746323628297104e-01
-1.274488886388351894e-01
0.000000000000000000e+00
0.000000000000000000e+00
0.000000000000000000e+00
0.000000000000000000e+00
0.000000000000000000e+00
0.000000000000000000e+00
0.000000000000000000e+00
0.000000000000000000e+00
0.000000000000000000e+00
0.000000000000000000e+00
0.000000000000000000e+00
0.000000000000000000e+00
