8.156634734607776105e-02
2.890928158757762878e-01
-2.184287410930394469e-01
1.098711789201815003e-01
7.162257975725977444e-02
-4.641343126675528952e-02
-2.747921230922178992e-01
-2.373939031000686373e-01
1.790996088252261309e-01
-1.065886039161655918e-01
-1.879989406574983368e-02
1.609246624452387309e-01
-1.831776906287019280e-02
-1.090213689342532655e-01
5.082173604504935938e-02
-1.678738667768719939e-02
7.589439682890491978e-02
-1.507345889500261438e-01
2.693976311384529421e-01
2.123329597292754611e-01
1.807353542414944503e-01
-1.647915767988250568e-02
-1.851605148717441751e-01
1.480534657619275718e-01
-1.184021642735418600e-01
1.211086209523108415e-01
1.596646264358494993e-01
3.198818746176668171e-02
-2.961398092115702374e-02
-2.532705630622270609e-01
-3.345732920473906136e-01
-2.256937670447811684e-01
-2.789499673087322829e-01
9.237487355915868781e-02
-2.403315372320967702e-01
2.795147921518786882e-01
5.616116778372187701e-02
5.987685238816209399e-03
-1.377994502654637798e-01
3.381840308172648912e-01
3.324712553971177487e-01
-1.380893895449437359e-01
7.065858492109311495e-02
1.971139932796245331e-01
2.952441596421535586e-01
4.918063761471497264e-02
2.831361055785336367e-01
1.314033961276004914e-01
-1.386221374138839890e-01
9.315924327669450333e-02
3.269926314460759320e-01
1.363637749293722390e-02
1.987089975673579367e-01
-6.211044642895047208e-02
3.226492494849902970e-02
2.749841943234923036e-01
2.618775005463598315e-01
2.172882027688658457e-01
-2.587546346291013100e-01
-1.952044815671958589e-01
2.076763371533126845e-01
-2.059179110255024980e-01
-1.893693729731082964e-02
2.009730773453601849e-01
1.364418816840171633e-01
-1.160071302500953472e-01
-2.728777210852137980e-01
-2.012935017936481608e-01
-1.003067480773500997e-01
1.976377535005017227e-01
-1.900325081691577045e-01
3.288432396735547769e-01
-2.772210366295977391e-01
3.072449473620171290e-01
3.150610649936097518e-01
-3.312227069183497075e-01
-4.577436524740297052e-02
9.720348716078353046e-02
2.313347994386076856e-01
-6.051911878950716472e-02
-7.704108119814467859e-02
2.498715815177909860e-01
2.516130340735771576e-01
-9.465018732483668207e-02
-7.111676274285377852e-02
-2.011075854537895113e-01
-2.739899366757825305e-01
-2.005679425866992438e-01
-6.577444498314577448e-02
-1.141437592793598521e-01
-1.346359287141572769e-01
-2.068591732930816496e-01
3.187014630223439227e-01
2.613811513200163805e-01
-1.709223127024172839e-01
2.209497591277309603e-01
-1.790123440872070371e-01
-2.561748969789928720e-01
-2.299526649102485998e-01
-7.820861385262528609e-02
-2.332691549918250729e-01
-1.055477860868425377e-01
-7.192961070975417703e-02
2.477267110078210655e-01
2.467300016620752601e-01
-1.285173348262901027e-01
-2.780565101195247579e-01
2.078388082200552933e-01
-2.085769045978577152e-01
2.419708384522925027e-01
-2.890488831395147673e-01
5.076317694007470571e-02
-1.039740278966254372e-01
-1.933166014869061589e-01
5.612121732394276252e-02
2.073775995122748572e-01
1.750694209204051166e-01
-2.522852452424377834e-01
-1.159686397763639298e-01
2.113517107394982109e-01
2.758197666434331063e-01
-1.643396062404545166e-02
-2.262140971647207954e-01
2.808426992879522466e-01
1.698012766479625180e-01
2.857700928134875307e-01
-1.855241836059098315e-01
-5.225792237965376508e-02
-2.857559555355053682e-01
-3.539791247400553287e-02
-2.467002249223552712e-01
-1.431641226324433525e-01
2.785004068729171056e-01
2.075404089079324610e-01
6.789609010009367562e-02
-2.808691911460401980e-01
-1.717382104083066130e-01
9.102218170126863406e-02
3.292614007422330902e-01
-1.599039858956072535e-01
2.793785181003789475e-01
2.894092261153815571e-01
-4.689686655690211703e-02
-1.958437685902375547e-02
-3.348492035902924102e-01
1.130994689474086323e-01
1.843269264177809230e-01
1.010783660735600775e-01
3.102230835530631614e-01
-9.992190014010557397e-02
1.096925214988632713e-01
-1.384895200262892812e-01
-2.472565996346318684e-01
2.123472473612336708e-02
2.631757664242618810e-01
-1.963331811028937446e-01
3.361624426532611176e-02
-2.157193920817007116e-01
2.975917240962719923e-01
-3.189230033917415108e-01
-2.734490016936859114e-01
-3.722449007294376111e-02
7.183869458940528308e-02
-2.115028180118906087e-01
-2.277310574788360409e-02
-3.057371594962078332e-01
2.702769902553414649e-01
-1.034339911775216669e-01
-1.991413794045492625e-01
-3.366864633626752146e-01
-1.606236948472572479e-02
3.564998032503369219e-02
1.432567092310624846e-01
-1.431209396348162854e-01
3.242552322144254262e-02
9.351454367483341690e-02
-2.068147400336353692e-01
-2.137487696664548964e-01
9.720423456683763286e-02
1.669339981012946117e-01
1.007851485897282573e-01
-2.180232504834876683e-01
1.725697684749526450e-01
3.833642813039189745e-02
-7.177281126341361617e-03
1.388543981375003344e-01
1.055531699946228863e-01
-2.471386215748290205e-01
2.443599089880317266e-01
-1.569173843684675829e-01
-2.363332044274610300e-01
-2.075719012163781685e-01
8.807790596902487223e-02
-1.987306245939278737e-01
3.056486948281853522e-01
2.096218024366198751e-01
-1.298538224281264308e-01
-2.054586198756771231e-01
-2.886546358737611118e-01
2.412964669588595346e-01
1.035720293821251747e-02
-2.091041014124640218e-01
-1.452183200571519617e-01
9.095110485410506929e-02
1.703396160832572059e-01
7.159976211363389131e-02
1.498469106005416163e-01
1.800728062997791756e-02
1.968896849311480013e-01
-1.395618271527466203e-01
-3.337895119532255372e-01
2.383434366836387763e-01
8.749290132652709495e-02
-2.184858239019174531e-01
6.162515049212441420e-02
-2.324588516695876017e-01
-3.362999147536970268e-01
-1.276526460730385004e-01
-4.504191192633516527e-02
5.738854165094670057e-02
1.203665758499290472e-01
2.534007215760217813e-01
2.003675543792147185e-01
-1.230092607547491335e-01
2.913413407060376770e-01
-2.794413858469133038e-01
1.694928041126992913e-01
-2.363817391966555048e-01
1.031509016535908096e-01
3.352087592168894181e-01
5.910779957682071872e-02
-2.970962428227450491e-01
-2.784851749038844693e-01
4.677850843574393735e-02
9.762120896659942648e-02
-2.572908752853877434e-01
2.764183998103385553e-01
-2.564636160697634226e-01
-1.750122073996950300e-01
2.516980356695678323e-01
-1.021432991894699605e-02
-2.141801373535207054e-01
2.738821884633102499e-01
-1.469195190623963920e-01
2.315808536705704634e-01
1.001482638494938238e-01
-6.626394883179426154e-02
2.788008494604989895e-01
3.004106434332677322e-01
-2.225403784685653363e-02
-2.782625941151505855e-01
-2.330364490301564118e-01
2.902032973544410588e-01
3.262089292430686571e-02
2.145338187424268295e-01
-2.697295317041482066e-01
1.893709419924207715e-01
6.311172715082713491e-02
-2.443040276797022736e-01
-2.611518756532120733e-01
3.359156781878188669e-01
2.575863703228689072e-01
-2.464370807353745141e-01
9.847296928134796623e-03
-5.802940599817957290e-02
-2.706135074725495304e-01
2.851225753509726291e-01
3.138056209709265687e-01
8.126549933375631918e-02
-1.121743272270334379e-01
-2.506028425199277043e-01
-1.961436904855725083e-01
3.277998242542765617e-01
2.901100857368642538e-01
2.571712831184247428e-01
-3.234967127704589940e-01
-3.253373437799969570e-01
1.185769244251101973e-01
3.071370085862960009e-01
-1.308764576157788739e-01
-2.278686666298456731e-01
3.306943006075923064e-01
-1.032838090113661345e-01
-3.001207732966399422e-01
-1.844801518504402549e-01
-1.565578907569831202e-01
2.723083334250455678e-01
-2.118490829126945529e-02
2.825935085533574087e-01
-1.639315927864299915e-01
-2.545102651243829062e-01
2.821511546041316487e-01
-2.210028309992540796e-01
2.214178604356090707e-01
2.053428198222450041e-01
-2.580264408606598447e-01
-1.184307455432774270e-01
-2.075474759169153305e-01
1.761193108735005231e-01
-2.037976816945573644e-01
-1.763484401158470771e-01
-1.979108160966475682e-01
1.544535183596530414e-01
-2.343761194043902929e-02
1.370405697114608357e-01
8.093803940662597229e-02
1.342588064366440070e-01
1.996602709054962066e-01
-9.900661727780329935e-02
-3.143591367774687950e-01
3.192818638515310115e-01
1.404674117714138637e-02
-1.463808689223385362e-01
2.201559837304596368e-01
2.646852747507147940e-01
-2.655527535988888577e-01
-3.289456681996519860e-01
-7.268110865803095733e-02
3.309807769005626010e-01
-5.510736589906084504e-03
3.151594687927147254e-01
-9.487319372242794535e-02
-1.864832186707271466e-01
5.523183569837608609e-02
-2.571994453400490710e-01
1.669753898497641220e-01
-8.035727598172520691e-02
-5.107381389085280388e-02
2.361232451672968802e-01
-5.145225150500892797e-02
-4.630160339419481241e-02
6.861905128688305933e-02
2.101143942218872684e-01
2.372703853835794741e-01
2.243245290441608919e-01
6.136677864808542937e-02
1.452704726037576388e-01
1.922642573452684189e-01
1.371071033232229563e-01
-2.092555375264142370e-01
3.374223984571996793e-01
1.399849910488310534e-01
2.754250954754080549e-01
-1.340297010559593216e-01
-1.830363944035765245e-01
2.504562042650377851e-01
3.109090763438134841e-01
9.582630959812321603e-02
-1.798983931966181005e-01
1.242136182478599804e-01
2.579818775215677595e-01
8.619274092272616317e-02
2.059329610715963099e-01
1.113720152905806060e-02
7.052591088464488234e-02
2.535327152531990924e-02
7.712664090808291073e-02
1.508267141285815627e-01
-2.261574434143144019e-01
-3.081796116357439774e-01
-9.419152534439201307e-02
-1.359622227051894561e-01
-1.669949109868884563e-01
-1.827059980861564514e-01
3.127472022041374311e-01
2.582580844554012156e-01
2.744798974844666617e-01
1.051337229129198914e-01
2.546252962965632749e-01
-8.877997328569703361e-02
-3.179408563364816143e-02
-1.471940156213324968e-03
-2.739362967614292210e-01
4.606575371138987851e-02
-3.345754053068651368e-01
-2.381846647226571745e-01
2.171191270087566849e-01
-1.265783147834172173e-01
-8.983228995101344427e-03
-2.997928633892532613e-01
-3.231439234794584170e-01
1.818831648273178114e-01
1.604719576868864905e-01
-1.103833572184975687e-01
-8.083438040609841613e-02
-1.231470457040206301e-01
9.457271829922009321e-03
-1.452877810228726807e-01
-4.182139740606560796e-02
-1.418823051789734613e-01
8.924359794308001081e-03
2.759784883141880307e-01
2.460648730340220247e-02
-1.691112620181452475e-01
1.838230972258344531e-01
-2.629015608955149741e-01
-6.070526575328044627e-02
2.429000294868909338e-01
-8.516262576501232306e-02
-1.216679134828236031e-01
-5.372771224180422633e-02
-2.880950871742934405e-01
2.289182103911883148e-01
-3.377879382564447086e-02
-2.646893460442298895e-01
1.031739354218388360e-01
-1.573301364003842906e-02
2.295311004095396124e-02
2.690012791325210317e-01
-2.944663591797379021e-01
-1.899534525960254461e-01
1.541523893671201129e-01
1.048913649777373225e-01
-3.497580356140445046e-02
2.854405573500412574e-01
7.825095980404078722e-02
7.738585522806507022e-02
1.931806133852315144e-02
2.077069620820447549e-01
6.875605181736355043e-03
-7.663670805205541336e-02
3.141481868302908875e-01
3.677454781046096688e-02
1.451280527552827326e-01
-2.817277088174354183e-01
1.180470645556449538e-01
-3.340766801893230165e-02
-1.533442360270499127e-01
-3.151116963569255969e-01
-2.423603923430927565e-01
-2.264955813649172645e-01
-2.264388033849959458e-01
5.546925460164192634e-02
2.943308068311729642e-01
-4.419056459955467142e-02
-3.316774867272813121e-01
-1.929858900911083641e-01
-7.746853973225908963e-02
-2.846352337655108644e-01
-5.771657621196230048e-02
-1.914703763564695738e-01
1.558563252238274743e-01
-3.013671978832872522e-01
-2.095081954761271736e-01
6.424497317537208874e-02
-3.176231881432543536e-01
2.406981244915774587e-01
1.703545804522460516e-02
5.355109522503387343e-02
2.035264867296402436e-01
-2.761786941438990617e-01
-8.206896749082243092e-02
-2.844770605408645237e-01
-1.533315743339161430e-01
2.959208308822853795e-01
-3.381477552985791002e-01
-2.346668734162307146e-01
-7.520172939031422032e-02
7.195024116695225569e-02
5.378195972527549662e-02
2.237497053834222038e-01
1.858395365501386287e-01
-3.276901117264799934e-01
-3.269816506192438910e-01
-1.080387990443471558e-01
-1.609302471024497416e-01
-2.560083971775190537e-01
2.702124932627802956e-01
-2.756216627308388789e-01
1.890910448885287920e-01
-1.842878778578082855e-01
2.735479945399990065e-01
2.126906133738786231e-01
-1.507340130718841098e-01
-5.304254044691053549e-02
-5.593793548365355583e-02
-7.785301796112620298e-02
3.621603501766118560e-02
2.065551010803714505e-01
-5.180710341615712977e-02
-3.002306623794354645e-01
-1.531935180193480239e-01
-1.016870884965999922e-01
-1.559170620863272461e-01
2.447411064184701335e-01
6.990930832861563804e-03
-1.360710469477385276e-01
-2.072523144002450801e-01
-5.886863282601462188e-03
2.814141439168601488e-01
1.820937000918076976e-01
-1.905446945823946470e-01
1.607005478603449333e-01
2.716241521202243936e-01
1.468999546442116833e-01
3.054863042635685977e-02
-6.370425166768478586e-02
-2.962331256893316334e-01
-5.322072704397928788e-02
-1.487126421748671823e-01
-2.036248638456214788e-01
-4.119618397549962285e-02
1.011590909700782470e-02
-1.761834199680119284e-01
4.603062331896756731e-02
-3.322093914996148700e-01
-2.812826075764205958e-01
1.737050634971150087e-01
1.832185682262884585e-01
2.773694071746413137e-01
-1.495232995058756731e-01
8.936450734824302744e-02
1.230819832025479288e-01
2.715752751053703840e-01
-1.888198927480249922e-01
1.416726197558823563e-01
-1.795086710794500384e-01
4.843971558966858604e-02
1.538772159600725886e-01
-2.429265041077852683e-01
1.121218617462342304e-01
3.252907986412816310e-01
-1.361586916678570458e-01
-2.832407463151151439e-01
-1.836439601257562615e-01
-6.987914297862751756e-02
-5.249054095078992122e-02
1.297225748623569430e-01
-1.199019320786730014e-01
5.370964028433194981e-02
-3.384716746653980701e-01
-1.471677768430356414e-01
3.350518381268280388e-01
1.957763950554332055e-01
2.349632749504545481e-01
2.972819791575544990e-01
-1.437012244227333646e-01
-1.893054576177225501e-01
-6.867667329630550155e-02
2.445304233125434878e-01
1.744170236619781988e-01
-2.239151069074466482e-01
2.738566144497955879e-02
2.150533681000498243e-01
-4.085622024177648637e-02
2.893034271005463509e-01
4.700665185406077695e-02
2.430234426461216346e-01
-1.048585395503414952e-01
-1.729199330493552400e-01
2.329408906750513042e-01
7.329845575549276404e-03
-3.191030918453152121e-01
1.107909890895529825e-01
9.216525360005978218e-02
8.746849267461065391e-02
2.765433319252958988e-01
-2.183872833731107244e-01
-2.387594991071778638e-02
-4.912406708248456821e-02
-3.258609248035469474e-01
1.049593607463666922e-02
-2.517150572883007920e-01
-5.992609097142309604e-02
-3.010465547554678212e-01
-2.887222097373369212e-01
-9.144411534494331639e-02
6.455410437634484522e-02
-2.612458419820669620e-01
-2.101617379111215822e-01
2.437081503993460130e-01
2.380757845039416232e-02
-2.914852048154145114e-01
-1.688633207651311918e-01
-1.312502085978381472e-01
2.350945868512166470e-01
-4.835144716437811407e-03
2.931556303434622590e-01
3.137966384087054195e-01
1.874694626060584568e-01
3.138388422709746939e-01
-2.861657082046564216e-01
-1.343643061675062478e-01
-1.607633859218226546e-01
-3.069585358111763806e-01
-2.549223000415617446e-01
-3.453743581461715673e-02
-3.255483509548738885e-01
-3.083216482657455404e-01
2.786966855307322355e-01
-1.538354994289242161e-01
-1.516128741102929223e-01
-1.637771896051267995e-01
2.728317726198974391e-01
-1.067977800008765299e-01
9.773592493965305161e-02
-7.825085957224231503e-02
2.226501504452906843e-01
3.038756671683252586e-01
-1.274369454027233228e-01
-2.057724043809559256e-01
-1.471589053874455821e-02
-1.461457080799505592e-01
-7.184353860779324474e-02
-2.520176870639437849e-01
1.712706573544253708e-01
2.658462799034732038e-01
-2.426767965439171060e-01
-3.199281863839948392e-01
1.654328179108518482e-01
1.918813199799543900e-01
-3.140164459653214113e-01
-1.714015658956954125e-01
2.951782018545230368e-01
6.966456262297676671e-02
7.644924940069641739e-02
-4.146692994721457026e-02
4.290253294644219562e-03
1.710159028478268617e-01
2.212202083599978941e-02
-2.269794447524599301e-01
-2.687179504558923071e-02
1.741533380502995332e-01
2.072851967726490052e-01
-3.096238760443020821e-01
-3.236609690671737316e-01
-3.291118834992033393e-01
9.146605509983241067e-02
-3.183039643044466294e-02
-1.166005858570705600e-01
-3.073979923843462303e-01
1.543760056262377112e-01
-3.201251370216989800e-02
-2.796557711207659502e-01
-2.263028861969794137e-01
2.343845849174464036e-01
-6.932493122501126592e-02
3.133469947018809876e-01
2.866948882304323210e-01
-3.386153236160620583e-01
0.000000000000000000e+00
0.000000000000000000e+00
0.000000000000000000e+00
0.000000000000000000e+00
0.000000000000000000e+00
0.000000000000000000e+00
0.000000000000000000e+00
0.000000000000000000e+00
0.000000000000000000e+00
0.000000000000000000e+00
0.000000000000000000e+00
0.000000000000000000e+00
0.000000000000000000e+00
0.000000000000000000e+00
0.000000000000000000e+00
0.000000000000000000e+00
0.000000000000000000e+00
0.000000000000000000e+00
0.000000000000000000e+00
0.000000000000000000e+00
0.000000000000000000e+00
0.000000000000000000e+00
0.000000000000000000e+00
0.000000000000000000e+00
0.000000000000000000e+00
0.000000000000000000e+00
0.000000000000000000e+00
0.000000000000000000e+00
0.000000000000000000e+00
0.000000000000000000e+00
0.000000000000000000e+00
0.000000000000000000e+00
1.688352025590866834e-01
2.450323536471811781e-01
2.166597024225480062e-01
-2.994310430003095935e-01
-2.767511974593965807e-01
1.810708045651396314e-01
1.686843043821525945e-01
-5.049363501907178087e-02
1.614355077055176779e-01
2.952492031368796899e-01
1.446274256222903620e-01
-1.066088590344295428e-01
2.987730790527378111e-01
-1.001203831079645612e-01
1.473729723025809513e-01
4.954697661103202311e-02
-2.310406195763277659e-01
-2.218621040999314009e-01
-3.134531649086785832e-02
-1.900420777169606334e-01
8.967457690049895902e-02
-8.734667281718114240e-02
5.259271114771846278e-02
1.137422634579233760e-01
-1.458451770971066763e-01
-9.870980759234587731e-02
5.160334893979101611e-02
2.565174633981261443e-01
4.438368139295900683e-02
-1.277567878808877344e-02
1.121423931880155545e-02
1.205668646250145359e-01
-3.059085176871711442e-01
1.599249779769698621e-01
1.049411008260068834e-01
-1.135826289144483414e-01
3.020042511317264089e-01
1.289220000196243943e-01
-5.032355957325290730e-02
2.882149971229996943e-02
1.002180000833119977e-01
9.325855298127316839e-02
-2.772979151623207184e-01
2.981956441566310789e-01
2.600805309182219194e-03
-2.589547302676574736e-01
9.763572068374726243e-02
-1.547242763233158402e-01
2.417650155971451387e-02
-1.306938678734807513e-01
-2.819088760345269673e-01
-2.808520210674163575e-01
-1.964005520552747075e-01
8.378243937794749296e-02
-2.335309935297387174e-01
-3.027137361292553952e-01
-1.966397160446237136e-01
2.656770472071287581e-01
3.015442358708034232e-01
1.908683301400344035e-01
-2.416132040453680130e-01
-6.790830706516617910e-02
2.776035694839354417e-01
-2.602478567211851113e-01
-2.574492022308926265e-01
1.946719560631584023e-01
-3.040711423281768910e-01
-2.596654177674264652e-01
-1.715614010694978542e-01
3.475732879507131834e-02
-7.083725396398887764e-02
-2.563395418058373454e-01
1.653529508265568215e-01
-2.054559312420302930e-01
-2.436929874160113363e-01
-2.024410952319466439e-02
-2.797642189081950281e-02
-1.777873277866756363e-01
-2.989674532444080435e-01
3.576626811752914303e-02
-2.907747444185668773e-01
1.500653730355501758e-01
1.724276106683905185e-01
2.817238893706999758e-01
-2.993119030708370487e-01
-1.445418340077139485e-01
1.454061326217276906e-01
-1.799408251379286394e-01
1.041960433840412037e-01
-2.359466864194521007e-01
-1.060561132202300916e-01
-7.660956605990598689e-02
2.497855418725576926e-01
2.595024140805304858e-01
-2.456864455174984085e-02
-2.838281451490700658e-01
-1.683662644898416827e-01
1.637039328293244944e-01
2.024327725077744167e-01
1.551724347420899153e-01
2.559209716126650824e-01
2.856936155543923772e-01
4.558931292412021774e-02
-1.685723983111520607e-01
-2.136666772549827842e-02
-5.166639530299660388e-02
-9.185266546782722141e-02
1.723581588477085536e-01
2.791489147229368473e-01
-1.348836597037763319e-01
2.994546706047435669e-01
2.414876012322069720e-01
-1.094395056329964810e-01
-2.053697630929416929e-01
-2.076441484567012608e-01
1.063973901911153819e-01
1.227468029007329764e-01
2.604938785662484491e-01
1.845205532040006258e-01
-2.701503502670967172e-01
6.617844319447063750e-03
2.387169383283816448e-01
-1.778643168694114540e-01
-2.581197951456469242e-01
-8.077247018746117058e-02
-2.423358551100441849e-01
3.024908334187826342e-01
-1.192341754648181817e-01
2.996150749918819467e-01
1.693031586585620474e-01
2.741183646895309356e-01
-2.700957353010904893e-01
-2.349580083739609693e-01
-1.597364558088363584e-01
2.925198161551084697e-02
1.822149014111364984e-01
8.027152498648937318e-02
-2.240133422255641826e-01
3.231001162673441396e-03
-1.007527224272345145e-01
1.565815396904082224e-01
-1.679554303721836339e-02
1.348875464946344693e-01
-2.434359662745203545e-01
1.460156432894874068e-01
3.165521959531331087e-02
2.285564329635936809e-01
-1.716087953479955575e-02
-1.246843509825211471e-01
3.716496915519090782e-02
1.765117585442509962e-01
9.942465183299836751e-02
-8.421237659978147994e-02
1.455773811432478082e-01
-7.140612159413803339e-02
1.316967067868716756e-01
-2.873344943580985467e-01
5.122498049079943216e-02
-2.050436266272059604e-01
2.108139434926790678e-01
2.377547269650751027e-01
1.426259822608205718e-01
2.041548104494406712e-01
-1.934912229678944495e-01
2.777069694988799076e-01
1.491374453894006580e-02
-2.899260417288054836e-01
-8.876218725699785983e-02
2.821412812697286498e-01
2.786018485229259656e-01
-1.146564814450621861e-01
-2.896433198557993305e-01
1.496593873575179368e-01
6.364539019888609817e-02
2.566005082705608009e-02
1.721722098617112229e-02
9.516800012776760465e-02
-1.936868842984325323e-01
-6.578469567607972412e-02
2.914798932394530584e-01
-2.990222051243350831e-01
-2.290470368757485664e-02
2.105404802848931944e-01
-3.004561226760293913e-01
2.180209970475767700e-01
-2.865693047264605831e-01
8.597241295366120362e-02
-1.730765579468668269e-02
6.654273885087791385e-02
-1.235974830666740076e-01
-9.647227330010524349e-02
-2.119529797988667363e-01
1.115340225163774512e-02
1.337210682133303519e-01
-1.526607802738213227e-01
-3.192952422843814420e-02
-7.141092942242244224e-03
1.088669554898173963e-01
3.701621191319803827e-02
2.381884426116596676e-01
-1.135488570308450795e-01
-2.621918804860925989e-01
1.104400657923931273e-01
5.878974281407800540e-02
-1.282367483166068634e-01
9.352623193893599973e-02
1.662978685401782508e-01
1.411684562611781324e-01
-2.822276183420516782e-01
1.502701907763837053e-02
-2.435585891696639971e-01
3.541566673873608462e-02
-3.509981636143022499e-02
2.216115766606380766e-01
1.990161248677560502e-01
-2.001100672290698768e-01
-1.983557231435907342e-01
-2.621182602396028849e-01
-1.079828778248738130e-01
2.463482521184700569e-01
-3.119149677354804417e-02
2.399352378817509734e-02
1.917558511377704389e-01
1.137171352083135578e-01
-2.522296726966892222e-01
1.900438926738710066e-01
2.555242667229225551e-01
-1.224493035042145406e-01
-1.930192837761698366e-01
-1.746785913931881984e-01
3.016093415800732980e-01
-5.207129380426250842e-02
-6.519554683437558951e-02
1.698473439629062942e-01
2.485343390485672543e-03
1.416250782980131295e-01
-9.935285123989948119e-02
-1.696680037495513493e-01
8.293848920990176676e-02
-9.638514167018794043e-02
-1.398953584264316374e-01
2.813183955465866082e-01
-9.179288609723310066e-02
-1.383485875094156159e-01
-1.806504459779831595e-01
1.453285665132109106e-02
-4.463393243075569616e-02
8.685751439743771840e-02
-1.114157150494261839e-01
-2.476109592444035723e-01
-2.088053927318035963e-01
-2.935368436743355791e-01
-1.691141799878591589e-01
-1.142019162366825213e-01
1.975288975390100954e-01
5.891465471990764424e-02
1.714842467892674360e-02
1.696061061183633534e-01
6.899065023682243725e-02
2.043670397452956866e-02
6.604498064861163975e-02
-3.002928804035729926e-01
-6.237781023860988761e-02
1.669895021338840824e-01
-1.513747867974248873e-01
-2.829607127541344247e-01
2.320264336601290389e-01
-1.941642455715706650e-01
2.036074754659600305e-02
3.029955724411753093e-01
1.582956796984916203e-01
-1.920687118158271312e-01
-8.762354428479834922e-04
2.044335567502080786e-01
2.291447152889713457e-01
4.629001170681396049e-02
-2.489594377578574214e-01
1.077183363176775210e-01
5.144965221115815890e-02
1.495075746692896557e-01
-2.839103202821736116e-01
3.061308451850116019e-01
8.532691758828514494e-02
1.552128125391455948e-01
-1.839258845857346669e-01
1.019094232425799551e-01
1.681576354527336004e-01
2.607774740223584575e-01
2.693705379343638850e-01
-8.391756349882231736e-02
-5.309590535629488128e-02
1.278329290790635731e-01
-1.720587125940568896e-01
-1.975362210196563439e-01
-4.472397185124171726e-02
2.201035272628101835e-01
1.815341784865693309e-01
-2.058793821822921255e-01
-1.616163980428147739e-01
-2.481497831131140863e-02
2.461400065476637700e-02
9.855728065991786746e-02
-2.304134219243877402e-01
-1.480785082867465963e-01
-1.266068960221686801e-01
-1.741224070135373170e-01
-2.233266385645047425e-01
-1.364335630837975599e-01
-1.972908703486024318e-01
4.739488657504581370e-02
-2.237225491938967803e-01
-1.126317585288072465e-02
-2.721335652806832761e-01
3.281918237264491722e-02
-1.004476035788076926e-01
1.734316406434514568e-01
8.560884691882836295e-02
2.078691693785614247e-01
1.447069986778973250e-01
2.052203624334237309e-01
2.326764285781319219e-01
-5.445958288886776355e-03
3.772985816186652519e-02
-2.346149764874234100e-01
2.400531280230532860e-01
-1.706907467218306274e-01
2.963343655259826348e-01
-1.740945721044437622e-01
-2.173577868573995930e-01
-2.201963662874594774e-01
1.467299560695328742e-02
2.308714131596712460e-01
6.275085816276360084e-02
-1.869812380174420974e-01
-9.511873226477668419e-02
2.263977901135403870e-01
1.317367445210784194e-01
-2.801564008950346851e-01
-2.077705832472762082e-01
1.809402495611098782e-01
9.713348913080843694e-03
-7.829239245933025670e-02
-1.322394915677336802e-01
7.736172135347657575e-02
1.379307130738343101e-01
1.694185985467360211e-01
1.140622087844342936e-01
3.802426687707122221e-02
1.373287043628748094e-01
-3.208827334783864726e-02
-1.274165045394473894e-01
9.214406912406192252e-02
-1.304829039577374283e-01
-2.038170532237529309e-01
2.393382291778499149e-01
-1.827755408913846746e-01
-2.311478943192346869e-01
-2.596055212997123718e-01
-6.736693178261018988e-02
2.355197697983038574e-01
-1.087104672432904207e-01
1.824835426215906109e-01
1.683005981411965779e-01
-2.441368973065518588e-01
6.998621822731798670e-02
-1.940819001154273082e-01
-9.281902123513496861e-02
1.458188421245036337e-01
-2.633635891420947339e-01
-2.735192276006956358e-01
-2.965605993241337002e-01
-2.082062098546958728e-01
2.025740130777631820e-01
2.325546266369513115e-01
-8.183234197048439018e-02
2.117649877878597375e-01
-1.125466452389467520e-02
-2.974354207748169943e-02
-2.393045567168134991e-01
-2.498938640505340980e-01
-8.970807369570921175e-02
-3.756282519416381804e-02
-6.385479961497861345e-02
9.147975336275249170e-02
-1.257009213217510912e-01
-1.192048513950546562e-01
2.022687648038078989e-01
2.672137908544220397e-01
1.035902826934805288e-01
-1.105337980311612567e-01
-2.992669384781457831e-01
-2.876341133199227795e-01
-1.345955844506492582e-01
8.889920365131420699e-03
-2.099346236070601668e-01
2.982056355429207883e-02
1.310690066451065117e-01
-9.678168296951283889e-03
4.041472682924773796e-02
-2.522805037848321885e-01
2.679873802616711265e-02
-2.929176356249441060e-02
-2.435773331906826988e-01
1.903106930068924618e-01
-2.143707505673753677e-01
-8.843856803270366829e-02
2.341690172925009472e-02
1.311966454667415349e-01
-2.412329022801841805e-01
-2.327376986650134261e-01
1.290140580516977997e-01
-1.709669514594121253e-01
-2.882437255976771917e-02
-2.498552230908127614e-01
9.541088963821187097e-02
-2.090713951411145854e-01
1.614155276177086096e-01
1.055659910462411477e-01
3.728225947704671972e-02
2.338184310197233828e-01
2.501186783654882340e-01
-3.376893255147545014e-02
-3.084987225252411314e-02
-2.411480404484373785e-01
-6.971462193900435089e-03
-2.051895257635572012e-02
5.297494897329096952e-02
6.896826534649103113e-02
-7.497384147642380259e-02
-1.119539914810983305e-01
-2.917766132221710218e-01
-4.635942929962499903e-04
2.931065543298110865e-01
5.363204566020324249e-02
-5.331347718941775726e-02
2.359008478908253825e-01
-2.362274538684748237e-01
8.345017880089872220e-02
-5.930647723280865757e-02
4.640275867767967855e-02
2.562227793083851624e-01
1.833105020782174188e-01
2.368298483145659383e-01
-2.646027976611359245e-01
1.515260627851927056e-01
-3.053610161108573084e-01
2.905287011049595414e-02
2.589978417725776194e-01
4.445608795474204067e-02
9.805035903817937992e-02
-6.933708852664977051e-04
-4.519607344012765981e-02
-2.232531443833450369e-01
-6.082882008045933930e-02
-2.423153176312327628e-01
-1.632376869331432778e-01
1.679319826736541121e-01
-2.607992247197348790e-01
-2.478724793693103390e-01
1.538063245653797373e-01
-1.256504766866084477e-02
1.341561424317281315e-01
2.670529762102082372e-01
-1.391052386393492601e-01
1.182369573296084830e-01
1.627147129789562885e-01
5.873682243770056433e-02
-2.997790428104533667e-01
-2.612049641151120705e-02
-7.186568781971078290e-02
2.924390117901304875e-01
-2.923052859339469456e-01
-2.368822668617079907e-01
-5.604180628615806903e-02
8.999816943715549522e-02
-1.142380103685208814e-01
-2.833438135279294223e-01
-9.385102310042656160e-02
2.808065967142996944e-01
-2.058305877347360036e-01
2.431351029371154326e-01
-1.517772310106558498e-01
-1.697498371051230914e-01
-9.968859103068536398e-02
-7.519500829207692583e-02
1.585817104928191057e-01
-1.021958656570822188e-01
1.034228587057014481e-01
-3.032024116017124071e-01
1.591503999644957035e-01
2.203283449937256111e-01
-1.862834683601199137e-01
7.176744086655828525e-02
3.148400294164710456e-02
6.548573008885660851e-02
1.901403969529646965e-01
-7.728231253140616097e-02
-2.828077245814756835e-01
2.193172230921051624e-01
-1.452375591911449215e-01
-1.634291478060911906e-02
1.509268848284421871e-01
2.593980599396550346e-02
2.306236862724264647e-02
-2.347559639231266149e-01
1.441148005604840354e-01
1.851431211464357740e-01
7.224616883916235022e-03
1.984830231945080015e-01
-7.366777455101994332e-02
8.036267507503014329e-02
1.589249822925832833e-01
-1.879309559815633413e-01
-2.700419628552453988e-01
-2.002015587248754946e-01
2.609159239486422144e-01
-1.198274728565874303e-01
-1.916566015071857199e-01
-4.550794251223533315e-02
-2.989806952667809492e-01
8.535849020904157092e-02
6.715380877114190961e-02
2.382837543373169109e-01
-2.199128195885563519e-01
-1.983006236823364743e-01
-1.960020408696674377e-01
-1.347857110950446968e-01
1.727768928538799265e-01
2.328004975291422807e-01
1.390596977799196665e-01
-1.773869640403848424e-01
2.501336881176793869e-01
2.253887465549950231e-01
2.672342118117561616e-01
-2.447985483584663724e-01
-1.273206071796554317e-01
1.142131317455798434e-01
-1.157440536283516064e-01
-2.582862511944289952e-01
5.641172203432043286e-02
-1.254411300700650489e-01
1.704035204436505913e-01
-2.725025256303955645e-01
2.793158261857168756e-01
2.944271755701748927e-01
2.888758905303821511e-01
1.545809580627673374e-01
-8.167563702453856100e-02
6.123401850277460090e-02
3.392284469530421065e-02
-3.008264846953891958e-01
-6.142158763535415789e-02
-6.864432425793107195e-02
2.978981786025918788e-01
-2.478786828887602212e-01
2.504494937641784102e-01
-1.423889500536473784e-01
-2.586035628646844442e-01
-1.090825134041151223e-02
-1.858106922312056097e-01
-1.111040232685307216e-01
2.942738254133357434e-01
2.088652503992622367e-01
-2.090270904880457414e-01
6.317501366158395637e-02
2.491018353091511428e-01
8.478198393693348045e-02
1.727214831414323193e-01
2.333411966478282640e-02
1.340708031631152042e-01
2.421195890087085023e-01
1.113258953051314837e-01
1.853654188486746901e-01
8.990980089911554396e-02
1.358190648055434546e-01
3.360016752613359525e-02
-5.544119176489420431e-02
2.888216747158691144e-01
-2.670177497868876926e-01
2.002205568063974428e-01
2.927912324038886571e-01
6.620518632403649129e-02
1.421464921741407705e-01
-1.381453326897805201e-01
-6.244859869770844063e-02
2.216096414327674569e-01
2.938539458356413392e-01
-1.025981213913323975e-01
-1.573241739934105876e-02
-2.570398144801434581e-01
2.572562295328857940e-01
-1.462493039464296818e-01
1.918843230231606634e-01
2.636205377422413121e-01
8.714211900476592776e-02
2.491626041956169213e-01
-1.630284511814781567e-01
-6.268763229140536519e-02
-1.820414862881957752e-01
4.265669055452536718e-02
2.079695111368910498e-01
2.014040965707159514e-01
2.426290464482722120e-02
-2.233129119877036439e-01
1.179572990118569198e-01
8.143712540894659790e-02
2.636362090195523700e-01
8.439331141635697531e-03
-1.759985920016158556e-01
-1.127060718996132638e-01
-2.531508911077947621e-01
1.528966843813401866e-01
2.770558206540416069e-01
-2.420375004783064665e-01
2.584215607085710853e-01
-2.621294382285759283e-01
-8.506743141453226853e-02
-1.455765625107330319e-02
-1.771275048590209567e-02
1.108647175610282809e-01
-1.022543391451813666e-01
1.302388864949103886e-01
-1.015159130467211124e-01
-2.594192003620498510e-01
-1.282334139081353630e-02
1.641829672794578032e-01
1.907066858515201191e-01
2.000490231939905938e-01
-2.657531820407265655e-01
5.812456531590864950e-02
1.606690383993979454e-01
-2.820603402050315123e-01
-9.914595298014827751e-02
1.977227723895877420e-01
-8.836709584755500502e-02
2.280445611904867165e-01
4.048150095651820157e-02
1.507358966202019257e-01
2.400615627423130505e-02
1.625869137568919931e-01
3.053779121800192509e-01
2.586983329489694339e-01
6.341709644909765409e-02
-2.555539045886339733e-01
-2.233648545212330305e-01
1.331799060121622857e-01
-1.775025074092428379e-01
-1.551147234915882522e-01
2.529077602832294214e-01
2.779577457129024931e-01
-7.634819607569343081e-02
-1.290098145204782165e-02
2.886273032283628859e-01
2.414024398124148818e-01
-9.666820738359643839e-02
-2.087394029754441882e-01
-1.457514759693384343e-01
1.987254230935112109e-01
1.683246401222103783e-01
-2.796155806142285871e-01
-4.508491943443360128e-02
-2.547877608755618750e-01
1.347019745084874764e-01
1.026331925580139526e-01
7.598020512385622593e-02
-1.859989385502511805e-01
1.523382901031915537e-01
-2.327579731138540442e-02
2.559570570489126395e-01
-2.544341813227102289e-03
1.550993803220581113e-01
1.259705483638911550e-01
-1.304820785796162452e-02
-9.352412633946488585e-02
9.119802886409583698e-02
-8.978649638726854398e-03
9.725558083982366320e-02
5.423827184504342869e-02
-1.173318341825828892e-01
-2.641696057454674396e-01
5.848970535390241032e-02
9.880041706538172930e-02
2.557964861942843560e-01
-1.563696795787553051e-01
2.142793941448793427e-01
2.460977725333396982e-01
2.905256363925249885e-01
-2.088169866042985379e-01
-7.050934264552080610e-02
-1.535782012348158865e-01
1.743391595343791178e-01
-1.101090397138984878e-01
-2.828944357088414296e-02
7.687629545789070873e-02
-4.309160573934639471e-02
1.233696113407261041e-01
2.912289540897193274e-01
2.214082458863525504e-02
-9.447902375408653852e-02
-5.192416110889808145e-02
1.071114641281110114e-01
-2.764569925175614507e-01
-1.961137146045959234e-01
-1.048029527492861102e-01
-2.303554561906068776e-01
-4.557465769766766428e-02
2.430691093642053935e-01
-2.215514256464187204e-01
-1.300710144735588714e-01
1.790674743775811373e-01
2.048595176576484822e-01
9.448741366900509364e-02
-9.329742990650030654e-02
-1.066512679892618054e-01
2.905405474375047370e-01
4.732657446173016424e-02
1.735274122734291602e-01
-6.579105242904467743e-02
-1.314910727778826061e-01
7.142834552113319635e-02
4.452982808924227376e-02
1.384954765019819067e-01
1.506279446363075758e-01
1.320532443811835432e-01
-1.482027055529530346e-01
2.118036579397655772e-01
-1.804249131470170853e-01
-2.227096453448163260e-01
-4.413044063470528133e-02
1.793404036460397588e-01
1.143577101851045996e-01
-3.685144297499581834e-02
2.648912671548476205e-01
8.255290577618940029e-02
-3.031048710727152207e-02
4.415467374120934929e-02
1.561598311043477239e-02
1.176474357421734007e-01
1.144289433881906515e-02
1.898955814938246833e-02
-2.625426556785341314e-01
3.973874819650752288e-02
-7.602199834641665266e-03
2.400899642381933430e-01
-2.579196549818822404e-01
-7.209644375107249203e-02
4.491989256820916321e-02
3.043379213469454281e-01
-4.281989700301830348e-02
-1.143914196894965374e-01
-5.981113081162195422e-02
2.877454438786923308e-01
-2.681835382668116274e-01
5.548983448155353493e-04
1.091301394743377506e-01
2.095172183955585354e-01
3.963262669438916141e-03
-7.368541075134515950e-03
1.518501813877259909e-01
-1.711867169104499264e-01
1.240452436095733635e-01
-8.665907511223214232e-02
-2.553740817632945137e-01
5.816933760503339990e-02
-1.029600568278874750e-01
-5.162118750916450116e-02
2.599411755117159717e-01
2.937820398001703137e-01
2.033101757188911507e-01
2.217295131489127047e-01
-1.800796686055235740e-01
-1.181208437908042308e-01
1.931104783583502682e-01
-7.036225074433885562e-02
1.960195849610035235e-01
-6.482642197499513537e-02
2.644840022777207866e-01
-1.541254968679019177e-01
8.980357137128691658e-03
-2.769733064935849809e-01
1.321066653206900421e-01
-2.811967568176751975e-01
-2.419206767022121785e-01
-1.218127094721505876e-01
-9.377276861957600795e-02
1.157659559250466819e-01
1.265336163781481948e-01
-7.165121455717793353e-03
1.121518044493562960e-01
-1.694113775726723836e-01
-3.604469798466980457e-02
2.719193518647405328e-01
2.326846244535413222e-02
-1.390664965935025088e-01
-2.344884230461941610e-01
2.109755370137034736e-01
-2.232055741451878794e-01
-1.707000529612660578e-01
-2.901787532050607021e-01
6.519325960909894135e-02
1.763436601339462007e-01
-4.507692127890705613e-03
-1.819703470630639197e-01
-1.425590114505979333e-01
2.192985089997733783e-01
5.800993592158709689e-02
2.014326789217615876e-01
2.677378382135954804e-01
1.571650290346587320e-01
-5.877184247300920594e-02
-6.093870695342484822e-02
-8.724441922356107604e-03
2.136366049051895977e-01
-4.167262105166419373e-02
2.751522321501785329e-01
-8.747010971105323440e-02
-4.647798060321561842e-03
2.731974648620302815e-01
-1.723973903859530588e-01
-1.597044131115708809e-01
6.938974725397761834e-02
-2.685293597529577192e-01
-1.384271674768246529e-01
1.844125644033717260e-01
1.413580681601260269e-01
-2.785843901832854019e-01
1.551342117032211698e-01
-4.992704641890777228e-03
1.669846544955177481e-01
2.874660051057331134e-01
-3.015409714053698953e-01
-2.214833735610613474e-01
-2.079353974380664938e-01
3.619298503695078661e-03
1.496343571926683769e-02
-2.367471865697456934e-02
-2.549169664351500497e-01
-7.226114357725743620e-03
-1.704939395972277505e-01
1.383893461852035434e-01
4.011906078438937095e-02
-2.502719694132843342e-01
2.293997796320179083e-01
-8.306958177223625062e-02
-6.105248712409624967e-02
3.006676574898082266e-01
-1.212909898686101995e-01
-2.262219115972328720e-01
-1.008784454637094430e-01
-2.720258699302823824e-01
-1.653652518477844169e-01
1.922897191240104942e-01
-1.758922307097643967e-01
-1.786719819112503327e-02
-2.714350120340160433e-01
1.662282134739022088e-01
7.536661418046874950e-02
9.301936371850011431e-02
-1.285288226175599346e-01
-4.879569386878029880e-02
-3.033324727647818131e-01
-1.036800966744415853e-01
-6.955641276365939762e-02
-2.894043960986227293e-01
-5.083270612116741471e-02
-1.385062410453324622e-01
-5.379274912126269514e-02
-1.834477150108863863e-01
-1.130969770356739790e-01
1.307902594151102438e-01
1.014625778941369294e-02
2.599301901475881693e-01
1.362351724023641020e-01
2.909597084319275884e-01
1.928581333034664058e-01
-8.631045770290984853e-02
-1.360842286236206289e-01
1.052766882941922333e-01
-1.612216599859036259e-01
-5.289694665594851797e-02
-1.992863166284759013e-01
-1.536533536814313206e-01
-6.182302424343730229e-02
7.030494616030663613e-02
-2.323073247740641833e-01
-5.632466648697267986e-02
-7.379379771588459591e-02
-2.631808435782395650e-02
7.091564125242033612e-03
-1.322004554366221496e-01
7.229620186739588172e-02
9.108983947378818113e-02
-2.079308462743950092e-01
-9.105609564217226337e-02
-2.471537761495810614e-01
3.893099711477221447e-04
2.810611928740422427e-01
1.272863150995569570e-01
1.850310029174897508e-01
-1.761461871637128862e-01
-2.697686067628870532e-01
-1.672712041980201070e-02
-1.980927630811807338e-02
-1.559582867901341263e-01
-1.346836924844648231e-01
1.878759283585918483e-01
-1.131035304513577089e-01
-1.502385329840927597e-01
2.567850931109386114e-01
2.789143041463252870e-01
2.283304440017892012e-01
-7.424626459189523353e-02
7.225169119233204595e-02
-1.637606296828978125e-01
2.237199427506956773e-01
2.735914212521236011e-01
2.787640574814008176e-01
2.127629611138691090e-01
-1.005516357993421206e-01
-1.473812832555864982e-01
-9.446771446616164525e-02
5.755067468327773605e-02
-1.941083758907896084e-01
-2.464641144430972652e-01
2.501401480435784808e-01
1.679448881655038472e-01
-2.671514890171818868e-01
2.002407569023179623e-01
-1.967918497339429251e-01
-4.189773781768768579e-02
-3.030055487740330178e-01
1.671015596409531900e-01
2.039341169186599800e-01
3.278527947319453961e-02
1.183708206513091610e-01
1.669609052292446161e-01
-1.004310013765425114e-01
-2.745332644936406274e-01
-1.123060286914289718e-01
3.682543676943456079e-02
1.371219041317312537e-01
-5.429078356019240159e-02
1.394980242504580970e-01
3.069993770961432222e-02
1.923915785347576901e-01
-1.477740162752370356e-01
-3.759974955228240212e-02
6.124897080606211963e-02
-4.670078716560305265e-02
1.529539529412371479e-04
1.882666041007556301e-01
-1.610628501600032403e-01
3.019988204986038816e-01
2.892363280438309814e-01
-1.569068431000160690e-01
2.779403859870299143e-01
-1.699423824372070513e-02
-5.525688387850807848e-02
4.805485882958071553e-02
2.198290500466001940e-01
2.501774099496760217e-01
-1.256102092263858272e-01
1.691738613551014847e-01
2.747976995320834948e-01
2.143025504314335916e-01
3.957372520239249569e-02
2.012576933325492257e-01
-1.665729900092762783e-01
-5.040720199829518133e-02
1.504853264612982522e-01
2.267307993634437024e-01
-2.157279503377224072e-02
-2.347328220813282018e-01
1.730704118578020312e-01
1.505117551473735271e-01
-1.669919270027832026e-01
-1.628540977349642038e-01
-2.265475570293679353e-01
-1.813508269709766807e-01
-2.873889180109124863e-01
-1.207242309209613507e-01
1.930670254661082108e-01
-1.265763835882968980e-01
-2.649121694548972616e-02
2.520981356785278460e-01
-3.018819837614281076e-01
-2.643885035059942434e-01
2.269714159754960270e-01
2.268073058821978294e-01
-2.837084166766157267e-01
2.528031494133760604e-01
-1.921549017808782955e-01
2.008248553140690174e-02
1.569781360431273254e-01
2.318961046771408907e-01
2.163023488195245370e-01
-6.891554440676758708e-02
1.616833276905338956e-01
4.436869193651321597e-02
-1.007433184319685426e-01
-2.849659595543300727e-01
-1.267126232720633683e-01
2.499063702273120469e-01
2.847700667253039719e-01
-1.908333454015807562e-01
1.741290020385797832e-01
1.496399382233943864e-01
-2.673959951582930983e-01
7.493583273117376820e-02
2.055335732838918239e-01
9.665481145373822081e-02
8.560647207197308317e-02
1.627474662276097717e-01
2.010691513974463551e-01
-2.491535562611632559e-01
-2.389349588060030172e-04
-1.492385319329872506e-01
7.389375309384726975e-02
2.075861538882999846e-01
-1.744079480835211970e-01
-4.613041943165741010e-02
1.929360782226605120e-01
-1.956612290306544710e-01
2.850455180874184036e-02
0.000000000000000000e+00
0.000000000000000000e+00
0.000000000000000000e+00
0.000000000000000000e+00
0.000000000000000000e+00
0.000000000000000000e+00
0.000000000000000000e+00
0.000000000000000000e+00
0.000000000000000000e+00
0.000000000000000000e+00
0.000000000000000000e+00
0.000000000000000000e+00
0.000000000000000000e+00
0.000000000000000000e+00
0.000000000000000000e+00
0.000000000000000000e+00
0.000000000000000000e+00
0.000000000000000000e+00
0.000000000000000000e+00
0.000000000000000000e+00
0.000000000000000000e+00
0.000000000000000000e+00
0.000000000000000000e+00
0.000000000000000000e+00
0.000000000000000000e+00
0.000000000000000000e+00
0.000000000000000000e+00
0.000000000000000000e+00
0.000000000000000000e+00
0.000000000000000000e+00
0.000000000000000000e+00
0.000000000000000000e+00
1.826886177698078817e-01
3.032765782618174755e-01
-3.490567154008947792e-01
-1.722171255813780277e-01
3.902595021466333525e-01
1.255025501094753082e-02
-3.029538000016268606e-02
-1.147744280793417393e-01
-7.492026774563165237e-02
2.530368885294775327e-01
2.214326211420331036e-02
-3.513682954626006216e-01
2.693608883731982151e-01
-3.091679131232698552e-01
3.963220666915228674e-01
-3.737819549290904431e-01
-1.798010251595502373e-01
-2.002698313085230775e-01
2.487449223237661600e-01
-3.297371391146141084e-01
-2.659131330751965949e-01
-1.062179287760907087e-01
-6.576525476002731407e-02
2.823882233702010303e-01
-1.486700154569059185e-01
-1.271484669203334361e-01
1.991130587094935289e-01
-3.196586616866309294e-02
4.510692896005674690e-02
-3.377180973239056194e-01
1.622223652160308949e-01
-1.297641338698221070e-01
-3.275143095133767890e-01
-1.583962615348503689e-01
-2.152369258776120342e-01
1.329182455011934105e-01
1.910329331030433120e-01
-9.080845763738149001e-02
-2.602788429942081150e-01
-2.559905347893501881e-01
-2.832094846558622647e-01
-1.574524174027300272e-01
3.293297818199168447e-01
-6.275764253694343653e-02
1.785750234305233941e-01
6.240000389908278988e-02
2.518748446171520938e-01
-3.028973737443046987e-01
1.218330998915836960e-01
-1.489974578355904300e-01
2.352400106448477302e-01
-1.881231833506017692e-01
-7.117390133418555198e-03
-1.893650402001581523e-01
-3.642585909620225104e-01
1.825596804177911925e-01
-8.629056776178262167e-02
2.504879017220904003e-01
-3.176240709566386378e-01
3.008087360134598653e-01
-2.301690250799313664e-01
-1.107611490871334148e-01
-1.260529965042549994e-01
2.804844894875177519e-01
-3.210222634418595233e-01
-2.135697437189463255e-01
1.423278108983321855e-01
1.085709637322737620e-01
3.432761722243598546e-01
-3.293017289518695989e-02
-3.728297796349705484e-01
-1.487297195311301778e-01
3.025081070945184192e-01
3.540853930493272350e-01
6.147685058852714324e-03
-6.531252276061522144e-02
-2.255913009162198168e-01
3.251591252570448787e-01
-3.121379658223204512e-01
2.150207376981566609e-02
2.240666703470222676e-01
3.564346738769868517e-01
-2.500513808035165209e-02
1.706916851358050713e-01
2.676187430051993332e-01
2.249739943971537648e-01
-2.080934993368391828e-01
2.172713107398362431e-01
-1.012815738726403625e-01
-2.952126825087283968e-01
1.252537191284215923e-01
-2.244033547371621362e-01
-3.224668838825360817e-01
-2.119811161393909127e-01
1.101451696545256431e-01
-1.529980353397108195e-01
-3.744008827673561690e-02
-2.221900828147025941e-01
3.305713146969127547e-01
2.142597102185944680e-02
-1.922849757568467766e-01
2.354410681931919380e-01
-1.753993372055174527e-01
2.857999862035517924e-01
2.705076552240228138e-01
-9.587559533840589454e-02
7.698034213059745667e-02
3.041159635305323294e-01
2.500592472167476044e-01
-1.783288375258952063e-01
3.381737973357186733e-01
-1.586739701126768931e-01
1.759532637614832917e-01
-3.766173995652277728e-02
3.721379097220051668e-01
1.353678527209783433e-01
-2.257222889813829958e-01
1.257219991828175121e-01
-1.167282071994922288e-01
3.537925697114874812e-01
1.101850785712704672e-02
1.991892825082376972e-01
-7.607049520809400223e-02
2.504093328987241907e-01
3.539281479836763888e-01
3.078416315676387183e-01
-8.929632042831092686e-03
2.864895815697571790e-01
1.196472795201483641e-01
-2.103830552749371419e-01
9.942737165656428955e-02
1.630334231994153282e-01
-3.600764320388356587e-01
-3.511631593777497784e-01
-3.276439649336432280e-01
-3.430451508043722564e-01
-8.531797895523385300e-02
1.433117637090571272e-01
-3.517482820156410117e-01
1.728729899153594318e-01
3.805030054406869922e-01
1.482199397593368384e-01
1.103613247139197395e-01
5.151008293545294991e-02
6.883135152164021608e-02
-2.338105875315414917e-01
2.339783334046672825e-01
3.493711357052669553e-01
1.448365586267045813e-01
3.005240230742116103e-01
-3.847479345444129728e-01
2.156514347685284938e-01
-1.912617772164325602e-01
-2.851507158914329820e-01
-1.911695972313381953e-01
-7.141132939448435746e-02
-1.428013082331033856e-01
3.444621182094875778e-02
3.393871477794669356e-01
-3.356695185157858585e-01
-2.467768296495148894e-01
2.124848436682106878e-01
-1.701205520042686770e-01
-3.234462289843816896e-01
-2.707467089381588865e-01
1.130265452698988038e-01
-1.268396672803658309e-01
-2.304728837228686433e-01
8.344155790792834315e-02
-1.285846121584645063e-01
2.063906580562615001e-01
1.190318170985426582e-01
2.697529073383210796e-01
2.347517752754764708e-01
-3.205237595609067291e-01
-1.105137867219594394e-01
-3.651133504022919252e-01
2.056417932098630885e-02
-2.920186235187589019e-01
3.699095637668164405e-01
-3.231288241698374586e-01
1.370286906016104367e-01
3.244935888860132622e-01
-1.966311974888156899e-01
2.935237593150275548e-01
1.663698940064772813e-02
7.387940667347658863e-02
3.782576088487493160e-01
6.884963816343120380e-02
-2.393419651857878194e-01
-2.188148835409772230e-01
2.639106264878840480e-01
0.000000000000000000e+00
0.000000000000000000e+00
0.000000000000000000e+00
0.000000000000000000e+00
0.000000000000000000e+00
0.000000000000000000e+00
0.000000000000000000e+00
0.000000000000000000e+00
0.000000000000000000e+00
0.000000000000000000e+00
0.000000000000000000e+00
0.000000000000000000e+00
