-4.571564864318247157e-01
-3.998202141348793370e-01
-4.951366892674348152e-01
4.364503478808464676e-01
-4.497360149341107505e-01
-5.933602393614023640e-01
4.728317964565709186e-02
-3.247820893644892126e-01
-3.197669476900781849e-01
3.981418213469872791e-01
-4.861180398405982594e-01
-2.769024885530633751e-01
-2.548943623877208964e-02
-3.143757049878795895e-01
4.564854765888585186e-01
2.350605158760309399e-01
1.300867435281769513e-01
-4.235660671587876402e-01
-3.203904595683259582e-01
-4.514423867200778595e-02
1.113128136590262329e-01
-4.607608276423745264e-01
1.822662613634983275e-01
-3.337903715649304659e-01
-5.865129604066997571e-01
-2.054624270972606470e-01
-3.814533510289907503e-01
-1.617928027530494695e-01
-1.194599478935498005e-01
4.954091508278558598e-01
4.412120280080634727e-01
-5.839765053344001533e-01
5.662721890473171316e-01
-1.313957724411277117e-01
3.628707925457840267e-01
6.111727585605525315e-01
5.481275093778200658e-01
5.451510564143721149e-01
6.085720777460400521e-01
5.448472075431337602e-01
2.305360354142690360e-01
-3.047382641501727996e-01
-4.322727133780168152e-01
-4.643195600956330216e-01
-4.763702093383689884e-01
-2.662048795302857651e-01
2.317446851578429667e-01
-2.869838365352265774e-01
-5.428354881191753689e-01
3.711283585658632367e-01
-3.332925758363480817e-01
2.619622618504244826e-01
-1.592773685344806567e-01
3.635586928331666634e-01
-5.332069563742214413e-01
4.677474641326481164e-01
5.173682085132688124e-01
-7.963746410109995288e-03
-2.050219464074221620e-01
-5.595429827482978347e-01
6.023786806049974407e-01
-3.645865684671239504e-01
-1.566643127210604058e-01
-5.938532317096592017e-01
0.000000000000000000e+00
0.000000000000000000e+00
0.000000000000000000e+00
0.000000000000000000e+00
0.000000000000000000e+00
0.000000000000000000e+00
0.000000000000000000e+00
0.000000000000000000e+00
-4.817430566145962101e-01
-3.555693547170151181e-01
2.552317044335542517e-01
-3.674040605355207711e-01
7.484719902634312527e-01
6.919603453080332978e-01
7.312779392666955980e-01
4.680275087649876653e-02
-3.151111928853893018e-01
3.582788859725055675e-01
1.692624693117368295e-01
1.535358110841317236e-01
-5.015701155867181571e-01
-1.112958359029014854e-01
7.363048159741499843e-01
-1.555654717205489090e-01
0.000000000000000000e+00
0.000000000000000000e+00
