2.804544044492411348e-01
-2.008612207207493838e-01
3.202664229783394600e-01
-3.484790157867022620e-01
3.429119299135133248e-01
-2.672106231319701930e-01
-7.437769873767691164e-02
-7.792240407846068306e-02
-3.697397986861149510e-01
3.866816866593676960e-01
2.029649053509977041e-01
3.844272582349304579e-01
-3.707189642564351351e-01
-5.306579441045455869e-02
2.249972392947464095e-01
2.291464965066580817e-02
4.688873536760879146e-02
-3.963662722532415028e-01
-3.287539678078610361e-01
-1.728126264206210350e-01
2.000324379187621848e-01
-2.101488832044626498e-01
6.286423316205713707e-02
-5.410556917752995520e-03
2.302502371155423777e-02
2.133805495707190025e-01
2.828862354200312734e-01
-2.635598991023441195e-02
5.305777407126655021e-02
-2.416438169918137258e-01
-2.902615098485084033e-02
2.474994238246062683e-01
-3.188132296038235780e-01
-2.451241086586614104e-01
3.113011239792165541e-01
-2.837103481404354421e-01
-3.947157181170297124e-01
-6.419446370346498787e-02
1.545644868845330588e-02
-2.744730038044399523e-01
3.738116315832905046e-01
-2.370699042905249632e-01
1.849612968591947681e-01
3.464600962885861501e-01
-3.305800075383187875e-01
1.149262269878303377e-01
1.856343573550769954e-01
5.052542625433203982e-02
9.051232577558676606e-02
-1.418921567687681518e-01
-2.217914038036797042e-01
3.204106305590783133e-01
-2.092319951033635994e-01
1.901431515771106473e-01
-1.438964795189536794e-01
-2.277394007632630168e-01
-3.259799891133043914e-01
-1.753098052024973097e-01
2.053327615129500461e-01
2.443964313112034770e-02
-6.041741749774615089e-02
3.941089291816696205e-02
7.148281222476937646e-02
3.760566787957493884e-01
-3.816777265590568513e-01
1.558634947814428462e-01
2.694928089693023332e-01
3.159650344046532888e-02
-3.209749558206287379e-01
8.366440757869758604e-02
-3.399664785462813699e-01
3.920705205161517104e-01
1.011336863287499166e-01
-2.045002407331736882e-01
1.417027246698880361e-01
-3.946085802274390542e-01
-2.879578610414125217e-01
-2.487424697639140925e-01
4.081065218463015287e-01
-1.655887923699744801e-02
-1.634929874992999133e-01
1.078109685473598867e-01
-3.429254265954594927e-01
1.913132162466495978e-01
-2.330083591296781553e-01
3.493235070777426787e-01
-6.322327303000591092e-02
2.945151355487632405e-01
1.400265255047970503e-01
2.229669934909840889e-01
1.432469383472135260e-01
-9.449555259819580888e-02
3.694795728977171012e-01
4.541455385025638947e-02
-1.244102297956961589e-02
3.323594794218578952e-01
1.950685002849422700e-02
3.498701786655085688e-01
3.077463402784431090e-01
-1.480553451126709330e-01
-3.769403175128361316e-01
-2.589950596548386552e-01
-1.743194841443450882e-01
3.198671537002072962e-01
2.690826295061753970e-01
-6.149049860297167713e-02
1.765913207211047831e-01
-3.330283329032077688e-01
3.763772529394203148e-01
-2.857594994654831244e-01
4.060919086475520134e-01
-3.047380399281097163e-01
-3.573233196773308862e-01
-3.374992899264767643e-01
3.982186729571848827e-01
3.465713219469061523e-01
6.830785914591086527e-02
4.048517573713055762e-01
2.257666786432651063e-01
-3.709954465525849288e-01
-3.019626016010236169e-01
5.366690658860034935e-02
-3.019015690953473774e-01
-3.216123402063589820e-01
9.011797048685393774e-02
-1.642010612758952048e-01
2.169430165160193824e-01
3.091061341678895125e-01
0.000000000000000000e+00
0.000000000000000000e+00
0.000000000000000000e+00
0.000000000000000000e+00
0.000000000000000000e+00
0.000000000000000000e+00
0.000000000000000000e+00
0.000000000000000000e+00
0.000000000000000000e+00
0.000000000000000000e+00
0.000000000000000000e+00
0.000000000000000000e+00
0.000000000000000000e+00
0.000000000000000000e+00
0.000000000000000000e+00
0.000000000000000000e+00
0.000000000000000000e+00
0.000000000000000000e+00
0.000000000000000000e+00
0.000000000000000000e+00
0.000000000000000000e+00
0.000000000000000000e+00
0.000000000000000000e+00
0.000000000000000000e+00
0.000000000000000000e+00
0.000000000000000000e+00
0.000000000000000000e+00
0.000000000000000000e+00
0.000000000000000000e+00
0.000000000000000000e+00
0.000000000000000000e+00
0.000000000000000000e+00
3.020706208201219822e-01
1.011137665543510034e-02
8.588627344397570251e-02
7.649108983290020536e-03
-2.487751400353338527e-02
2.597452592000559224e-01
-8.890155008790590063e-03
8.062414179177801454e-02
-1.216757500793965441e-01
-2.431664151673821883e-01
1.739354938628532299e-01
2.953993087266913453e-01
2.374342382181149347e-03
-8.469311043285640550e-02
-7.040014584666712261e-02
-2.000880438015210094e-01
-8.548772699389453611e-02
-2.801392939061025933e-02
-1.900218945874322385e-01
-1.372948731503637887e-01
-2.575210503066518442e-01
6.407834816123381128e-02
-9.324194119094758593e-02
1.597498676417793417e-01
2.212750842114963312e-02
1.090266282283414156e-01
6.535711804500798916e-02
-1.741759636055195959e-01
-1.431609374755899999e-01
-1.706360490086015758e-01
-2.735967403973569301e-01
2.170803148750538036e-01
1.030150759577581066e-01
-2.008581737048159011e-01
1.660654469854655479e-01
-1.997815992311397504e-01
2.783232997763705474e-01
2.540034021080054827e-01
2.559278186715017722e-01
3.556311471668299751e-02
2.476351959873746567e-01
9.316538242359234667e-02
7.149982600503440588e-02
-2.345721228417870508e-01
-2.732500836841134095e-01
2.359523591210303528e-01
-6.954444512114529853e-02
3.225629609481694970e-03
5.532413357111853891e-03
9.867232323511543335e-02
2.903501736668718247e-01
-2.201075704169528358e-01
-2.259768248068052821e-01
-1.126727204229566737e-01
-2.828237446858591908e-01
1.914494796879675498e-01
1.274507526145208236e-01
2.629534420793593896e-01
-4.806288867512070739e-02
3.020175538960288564e-01
-1.190624950603347276e-03
2.761583822555376266e-01
7.951254582038269625e-03
-1.078799582661539302e-01
-1.163674068649345472e-01
-1.455607465480301954e-02
1.332658417779079008e-01
-1.532092509757321808e-01
2.587757798659149899e-01
-9.074434507294407148e-02
-1.850184354349133642e-01
2.357184640818371091e-01
1.214385091308242126e-01
1.772484285720203334e-01
3.060472286654357110e-01
1.855177521305083621e-01
1.133857454893177907e-01
8.225651548622980869e-02
-3.055460808098722780e-01
-2.210083241789312924e-01
-1.883904684588536549e-01
-1.362021093519046600e-01
-4.186527184497729204e-02
2.443921063109528169e-01
-1.521046615873126728e-01
-5.160491541504991231e-02
2.179981869079534174e-01
1.216440151999320651e-02
-7.681096632479555986e-02
2.099393247525865314e-01
1.473707986742539555e-02
-7.415668300964955995e-02
1.171981901070273668e-01
-1.429356642046532844e-01
1.640707361913062989e-02
4.764425368749514167e-02
-2.720492806198334668e-01
-1.005782778981414993e-01
-1.064043387822964370e-01
-2.179937740446025729e-01
1.993752083420777255e-01
2.693363023486822772e-01
-3.117441183411201466e-02
-1.129277533579448045e-02
-1.642912010255642985e-01
2.726439549762114667e-01
-1.715138041692657045e-01
-2.611286722475835709e-01
-7.820152381023959265e-02
-9.272861186360301100e-02
5.303479051727422178e-02
9.043605037876212283e-02
1.927784353250668326e-01
1.057024631030074602e-01
-6.143804943959371712e-02
-7.975825764319000033e-02
-3.014664721342748543e-01
1.349969694749219573e-01
2.759068335648490744e-01
1.789150884498531546e-01
2.960806819551304314e-01
-1.735492837626392837e-01
-2.293503401104890482e-02
2.937274676609165636e-01
7.643110630399074790e-02
2.540557671140530882e-03
-2.741306182863539886e-01
7.881139726294189574e-02
-2.896835648482514181e-01
1.279885582102556763e-01
2.093860480897342113e-01
2.725024308778304927e-01
-4.630352652795582946e-02
2.331971970460655075e-01
1.437868868008732037e-01
-1.822353328295839292e-02
-1.237652401883326814e-01
-2.657492640912247350e-01
2.940968675166155677e-02
3.742220765124859572e-02
1.461755713029689319e-01
2.798676805767525422e-01
1.037090089840664864e-01
-3.870501153504268821e-02
1.757578311238658930e-01
-1.966685958397695611e-01
-2.179770356513731078e-01
2.041221008344392129e-01
-1.786338523951808976e-01
-2.018659445672991715e-01
-3.764960525702043537e-02
-4.256265394385200240e-02
-2.886631647816300106e-01
2.064445469012419765e-01
-2.184022362737824130e-01
9.485868252370449616e-02
4.914285263899853540e-02
-1.000720825686369775e-01
3.567273992631275759e-02
-2.633382719441316189e-01
2.775216446771526235e-01
1.136124762745626682e-01
-1.658107177974418311e-01
2.736995049168363114e-01
-1.379989429205802920e-01
-1.838432451806849000e-01
-6.560489183649226286e-02
1.202528146208017845e-01
2.222819686673212503e-01
1.764206260327404463e-01
2.089172744735481868e-01
-7.722421031936790858e-02
3.556304513105140730e-02
2.387624863375232276e-01
-1.477196234216374693e-01
1.225671699563768424e-01
-2.765625971549216522e-01
2.541398348612685099e-01
1.245770926907568965e-02
7.034751019773655134e-02
2.863219790961497035e-01
-1.762449143300122145e-01
2.620284701865190358e-01
-1.314949726780020312e-01
2.592556540027212697e-01
6.479619325720176182e-02
2.348300288009603221e-01
-6.768694292143676017e-02
-7.802914621314360755e-02
-3.287316353226960031e-02
-9.885248168605531571e-02
6.042520699792602867e-02
5.000463413786176980e-02
-1.533763073982344349e-01
5.836373700674485354e-02
2.369793092067443152e-01
2.727558323780374105e-01
2.107043930683893951e-03
-2.998261103976753716e-01
4.435485520881349286e-02
-2.174267028861032180e-02
-2.215617949271255216e-01
-2.728770396714945701e-01
-2.573637784222851388e-01
-2.239120445427880690e-01
1.442517936670887901e-01
1.450003926973858492e-01
-2.564218127258272029e-01
-2.040262942488350606e-01
1.683191878809395803e-01
-1.897834793329609970e-01
7.478187660084900656e-03
-1.070376946659190587e-02
-3.010271207470497923e-01
-5.680729577785925688e-03
-1.380633660991515688e-01
-2.385990669826389410e-01
2.543577521445767320e-01
6.308278397099048584e-02
6.373019393769108198e-02
2.305328561180230440e-01
-3.919882544937858260e-03
2.041282927397441993e-02
-9.804602674077109170e-02
8.424591676875065049e-02
1.004058912937922377e-01
-2.993382218319237120e-01
-3.541977908931448482e-02
-2.076299977733827573e-01
1.315821594147939533e-01
-2.971170228503604016e-01
-1.498014263665187751e-01
-7.012741049910301006e-02
6.742169290018557026e-02
-2.845846465435086792e-01
-1.242491139642799280e-01
1.503102129824198108e-01
1.583932234998730593e-02
2.183720964496246864e-01
-2.011628029971962439e-01
-1.220260565287860088e-01
2.551949273163334198e-02
2.363411366448303630e-02
-6.294281857253983259e-02
-8.223824884991240425e-02
1.038297283449397534e-01
-1.310810394349436192e-01
-1.321457389355011891e-01
7.392358675248728028e-02
1.534465495698074666e-01
-1.688448138757782657e-01
-1.703417194488304753e-02
-2.146268869945376911e-01
2.197415925822571170e-02
2.024258102388852287e-01
-1.296807682410358320e-01
2.360501298444571128e-01
6.924689783726700743e-02
1.651799097202596434e-01
1.624251929539340389e-01
2.558379365923540427e-01
-2.074064311681597661e-01
-2.024641551188593458e-01
2.440751699132021613e-01
3.385258963431070356e-02
1.104203413086728425e-01
-1.514929607235426523e-01
1.351609166912476345e-02
-1.371717113147718492e-01
-1.149849513968359549e-01
1.365691492787487471e-01
-2.610001398959702068e-01
-4.675403164482738738e-02
-1.456102961809696839e-01
8.926371837757524075e-02
-2.427841945132391266e-01
-1.809283981740006653e-01
-1.713975485069729743e-02
2.176855820558887267e-02
-1.181845130866527593e-01
-5.916524430655178968e-02
2.758854881117581148e-01
1.260590369166567082e-01
-1.620555202572336595e-01
6.261671698654258655e-02
2.307047578383009112e-02
2.289981648184046814e-01
2.751539228658922975e-01
1.117729701546300025e-01
-2.375644826796102782e-02
-3.052364402970369484e-01
-1.768600696141801598e-01
-2.756549582257374342e-01
-2.133365849699875305e-01
1.487607451534987968e-01
8.068993410533242816e-03
1.109255758259615754e-01
2.206209607962557606e-01
-7.222324192136433951e-02
-2.098586394760713070e-01
1.630127214480379116e-01
1.564501425192410533e-02
3.814017966413896232e-02
6.909474448511576661e-02
1.917235622416241236e-01
-8.119862191774221416e-02
-6.625549790796733673e-02
-2.621594766693540746e-01
-2.629457925722261669e-01
-2.644827099098559509e-01
2.732547647449949380e-01
-2.223297692576892415e-01
-1.793195486066477828e-01
3.212868401144630681e-02
1.888574329492689330e-01
-2.048621941580674455e-01
-6.013117419196789548e-02
-2.287915693583701393e-01
-2.280325414463812983e-02
2.925032177872374795e-01
7.343587220039982100e-02
-2.678362333528021000e-01
-2.461488834649578628e-01
-2.620374731081420161e-01
-2.514873848367135678e-01
5.419393877381073477e-02
-7.227806520802373957e-02
3.473863548839745130e-02
7.794831739717067443e-02
1.758338726431459831e-01
-1.833736934032341725e-01
1.202132019409374308e-01
9.245576696744889356e-02
-1.567140904881650365e-01
2.326169847118200740e-01
1.174846560540860341e-01
-1.581953654396434095e-02
-1.838529502113406267e-01
1.558233821163437782e-01
-1.518899077718265933e-01
2.586528989339249018e-01
-1.540516794104668796e-01
1.320538509616715483e-01
1.833740129533436569e-01
3.795077214851882985e-02
7.828568773839600370e-02
-6.858769924256286066e-02
-1.021252296618616329e-01
2.161370727685376081e-01
1.089423152205548084e-01
1.197898295900020060e-01
-1.574742940410452097e-01
-7.494787007398742706e-02
2.822068407879402829e-01
1.447109428661521036e-01
1.888232655620863953e-01
2.834041627945975139e-01
8.364377130758510193e-02
-2.198668658895425732e-01
4.596933601103225797e-02
-1.034403491046959056e-01
2.178569915048865213e-01
6.412906012117558507e-02
-1.368084833588956717e-01
-2.106716160167107499e-01
2.944239157334976875e-02
-5.610584158151543654e-02
1.698199555026314589e-01
-1.134144698290260878e-01
2.843597684136010550e-01
5.659528405212749247e-02
3.276402560456292967e-02
-9.098412984511139445e-03
-2.245410556781056999e-01
2.573062726544714240e-01
-1.733017190426359710e-01
2.379466971894420024e-01
2.346233370448425060e-02
-2.127233465604208562e-01
2.990837594737144056e-01
3.055569388376361828e-01
-1.930882670245137045e-01
5.516928033595935865e-02
7.137240597363325723e-02
4.019728462809207814e-02
-1.594141466292695042e-01
1.336636228433368823e-01
5.372100557959769151e-02
-2.882581568854064580e-02
-9.802715938146747132e-02
5.973034608867594519e-02
-1.217968592792293692e-01
1.690495791512502399e-01
2.627705661687813055e-01
-1.581912067458527971e-01
8.024043493206589606e-02
-1.612477426488340415e-01
-1.340829954599603302e-01
1.539097088366525035e-01
-1.082652195156334485e-01
2.366760636272366436e-01
-1.640419826007933901e-01
-1.763459656487840199e-01
1.901122127527941630e-01
-2.861820575216073026e-01
-4.744872960632623426e-02
1.797702539771978136e-02
-2.081260764262904406e-03
-2.419066644095630991e-01
7.752715914766583616e-02
2.033075109975201467e-01
3.198327603209549785e-02
2.424024612293761982e-01
8.715180726429683222e-03
-4.713567591119144362e-02
1.001451992822430803e-01
1.640678458230516723e-01
4.696242662974575710e-02
-4.644357242420210641e-02
2.191394114914918534e-02
1.269799321916184609e-01
-1.367372241890367213e-01
-1.311576073338092951e-01
1.157127785722191216e-01
1.732197293442563901e-01
-2.101140959568219002e-01
-2.240925628479113474e-01
-2.628443323322376957e-02
-2.833193529877472416e-01
-1.988408956117396764e-01
-2.703073555823389817e-01
2.393652179981245465e-01
-1.503981745372978684e-02
2.795600376725104197e-01
-8.844014261091215356e-03
1.735649085949022563e-01
7.871672632165926942e-03
1.519801336812082737e-01
1.713866820138889024e-01
-2.621978082473396809e-01
1.102176191779594139e-01
-6.287350284067474981e-02
2.325556607740894566e-01
7.325959617454835815e-02
1.728253089880752436e-01
3.792015780131552383e-02
-1.394425139583563567e-01
-1.942319758974159205e-02
4.901311010367698229e-02
-2.412062450630572397e-01
-9.422295177114237141e-02
-1.013517331646141273e-01
-3.274649278359248461e-02
1.570776299778921525e-01
-1.950470489274276908e-01
-1.044374434714037403e-01
1.805041139776564774e-01
2.168729299755794426e-01
-6.604632610884111910e-02
-1.778947905908980776e-01
-1.194279876096900339e-01
2.363960273365170450e-01
2.513703090452608646e-01
-1.850088848415042675e-01
1.320296425376754623e-02
6.267899399429449625e-02
2.869336983761484050e-01
-2.188484169678694968e-02
1.931432013649481139e-01
1.542161074554811440e-01
-5.682866846924483628e-03
-2.968146807867139136e-01
5.661730982980150984e-02
2.992887298780623762e-01
2.817414408999279751e-01
1.028857368111724124e-01
2.815299764466394072e-01
-1.728132077717665915e-01
-6.778008942842611573e-02
5.546766421928794877e-02
1.957168398706463086e-01
2.863736225140570135e-01
1.139339024538992828e-01
-1.452353441627180497e-01
1.243924716330692681e-01
8.559236383764939893e-02
1.970159636361870636e-01
1.468727611646645781e-01
2.686392542556290119e-01
-1.380210018743622813e-01
-2.761140612847298725e-01
-2.889979046096263771e-01
2.999565292300330754e-01
9.921361710351445096e-02
2.308721768278110820e-01
2.274357797136990489e-01
1.758320814191930981e-01
2.622838414489773728e-01
1.010068185516674322e-01
-9.931018196678939591e-02
2.810028732501423376e-01
6.234544277859999095e-02
2.766713503427767340e-01
-4.037284535008345276e-03
-9.666189267494926241e-02
7.599159145705214335e-02
6.764472174501140467e-02
-4.544466361041166191e-03
1.175839995673390037e-01
2.728840848877400194e-01
2.976567026663729520e-01
3.740480332351198145e-02
2.761808866620867886e-01
2.016144194767479081e-01
2.052248553987602864e-01
-3.026925446926287400e-01
-1.787185358120664536e-01
1.943835063098959259e-01
-1.627822551364174197e-01
-2.536238379323206837e-01
9.080583312631390625e-02
2.667049000463688757e-01
-1.526490089700173747e-01
-1.576461988102252632e-01
-1.284325895525986472e-01
-2.886646173247463532e-01
-2.162799316367414737e-01
1.428660744810825722e-01
-2.602865156658829004e-02
1.279597326182558281e-01
-2.657322313172539863e-01
2.786835669098040591e-01
2.959825278600802800e-02
-7.723912828815385212e-02
-2.839221185033159456e-01
2.953436056825364808e-02
2.411960199985814790e-01
1.441205729328036700e-01
-1.803943152817699958e-01
-5.266701043099963897e-02
2.410684621879520262e-01
-2.809301492052280191e-01
2.390333075502189542e-01
1.059392295705444687e-01
-8.391567508758018823e-02
-5.755966335014117696e-02
-3.024931829055190202e-01
-9.751793754277895965e-02
-2.174585853070983843e-01
5.095885592294946420e-02
8.954687503660174741e-02
-2.131960009390028166e-01
2.835914948993680240e-01
3.001123831889535576e-01
-1.372814507194559941e-01
8.764215893552645964e-02
-2.503103103623529058e-01
2.909594150084809372e-01
-2.813076123229911185e-01
1.855745186639177757e-01
-6.784189593486700254e-03
-2.608560184768500267e-01
2.468505784679191906e-01
-1.263947283555315881e-01
-2.425506822130655826e-01
2.558757094369992768e-01
2.634692840298846761e-02
-9.109965011173215554e-02
-5.816445458598495932e-04
8.258117445624463260e-02
2.394843513417926339e-01
-1.237358121921459109e-01
-2.280111279367527666e-01
-1.537820961845098866e-02
1.557455455611645445e-01
-1.432114364271292462e-01
-5.396323539760161658e-02
2.647188103163382045e-01
-1.610049011038371669e-01
-1.330481047430568109e-01
-2.121942403579673009e-01
3.021832154291659300e-02
-1.887790571441720355e-01
3.190402789407370543e-02
1.792411635176529017e-01
-7.404145023933889069e-02
2.230136219853561808e-01
2.484630823905158992e-01
-9.064231996375152201e-02
1.239116933320149050e-01
2.960344762190467161e-01
-9.492809691701650787e-02
-1.985509406459260995e-01
3.901981043089430834e-02
2.571934620195341359e-01
1.474459589298650064e-01
2.942633519725045832e-01
-1.938270652964096674e-01
-2.219231351051641210e-01
2.620547156314517734e-02
2.869938907550792506e-01
9.200547297470185182e-02
-6.000990949219531245e-02
-1.832439111750270855e-01
-7.938545172826647067e-02
-2.451099032492498608e-02
4.527582780837979826e-02
-2.730981788795942555e-01
-4.842469153493633716e-02
-2.461538135654353088e-01
-1.610819862979305517e-01
-2.571209260269196051e-01
4.154794525144661632e-02
4.974259161282834629e-02
-2.837553191162046073e-01
-2.686534282116515571e-01
-1.759952119628934997e-01
-1.121424620290825402e-01
2.197662254554736960e-01
-2.808235703434918684e-01
-2.131238477447838231e-01
4.883557950473554898e-02
-7.036142717127036317e-02
-2.699831231405744325e-01
-2.704554875115880996e-01
1.356414019240251290e-01
2.883365901915224128e-01
-3.048843957085598522e-01
-2.205463010972520954e-01
-2.877494953006906053e-01
-2.866019805483517868e-01
1.858837351797084092e-01
-3.017607182404033472e-01
-2.505660281760345165e-01
1.760707587482511771e-01
-2.945134040298862943e-01
-5.245977629988046731e-02
-6.632985187584633513e-02
2.071172570411179970e-01
-2.515049927492122861e-01
-5.550608387538302768e-02
5.156357663386385015e-02
7.620756187957411498e-02
-2.681897186581677639e-01
-2.081274012778515370e-01
1.932557768554790667e-01
1.186437417798308358e-01
2.821237879561409589e-01
2.157850988773861167e-01
-2.885960761677540676e-01
-2.437085147746631819e-01
-2.367551821695703662e-01
3.634422506507306583e-02
4.750973712902339940e-02
2.321168356465272420e-01
5.434792141365274443e-03
-7.685233669085148045e-02
-2.357077845123767279e-01
1.740121596441076002e-01
1.782688503059565166e-01
2.528797600791858335e-01
2.206639309013329053e-01
4.417460080808099931e-02
-2.500690983582327664e-01
3.424171261387015663e-02
-2.212127298471135983e-01
-1.027549773477056394e-01
1.196251947015418149e-01
6.420576171661890319e-02
2.369521741922287483e-01
2.457317546323002921e-01
1.334442153067008086e-01
-7.033745317902609373e-02
-2.173188380786950091e-03
-2.717804760358225602e-01
-1.736455708344907256e-01
1.124478538100487368e-01
1.524849803539052862e-01
9.090709746426817173e-02
2.076709067060142355e-01
2.086617569563781749e-01
1.136415182475426500e-01
2.145867267479251717e-01
-2.765179691772067794e-01
1.170496651598573190e-01
-1.461096081546759129e-01
-2.428466891004195660e-01
-9.332750616064816596e-02
-8.828290304456945514e-02
1.481317185064532360e-01
1.173936483661101593e-01
1.159962118432039113e-01
1.205854261717108633e-01
2.093726087031744787e-01
1.741962633478304490e-01
2.593975608370325259e-01
-2.008176210804922257e-01
8.730053675440713201e-02
-1.775610879052907931e-02
-2.366696450172689481e-01
2.045140994659784828e-01
2.654471452360389061e-01
2.241652598013457731e-01
1.810762607972039029e-01
2.798387091743925748e-02
-5.744875880375296950e-02
1.564323033646060623e-01
4.001309376688089170e-02
-2.606495664101246001e-01
2.104343841174911023e-01
2.712533089041629375e-01
-1.796588332226311813e-01
6.621513049598182210e-03
-8.456654331212334896e-02
2.172412835562184674e-01
4.686345699052446578e-02
-2.176618875882081194e-01
8.560605224822859238e-02
-1.745041451906178542e-01
2.684110723071405080e-01
1.404586157094684373e-01
2.190491964414798542e-01
-2.741849563525904365e-01
1.456003698972196947e-03
1.514790945919129439e-01
2.014724426557087944e-01
-7.199270647305441861e-02
2.169435301916151082e-01
2.423681057374794112e-01
-1.986066708558931193e-02
-6.192546268531032294e-02
-2.762320354518508769e-01
9.382154625318739338e-02
-2.551299613301037383e-01
2.999188677558070615e-01
2.736248766937949273e-01
2.113567547695980875e-01
-2.780820361125252438e-01
-5.921602882605556117e-02
-1.343029583627123325e-01
-1.563229180337052937e-01
-2.786378689466193492e-01
-1.008838218771094530e-01
-3.297552710671541876e-02
-1.056609602411896220e-01
9.499833426907550171e-02
1.473972379343782557e-01
1.566694404879189761e-01
-1.461580779646096673e-01
1.301685190586343022e-01
-1.086504301598565647e-01
1.937002240373166262e-01
-2.479704653316574803e-01
-1.367376079621189788e-01
3.329396358303793324e-02
1.076079813266875851e-01
-1.846864970998799704e-01
-8.698888786368441650e-02
-1.080342077083302210e-01
-1.904124265654836834e-01
-2.070032391072023914e-01
1.927760155842194179e-01
9.453044818795247606e-02
1.154498806417304513e-01
-2.474478911891871691e-01
-1.169305771294147089e-01
-2.915397107640306240e-01
-6.934675673648096894e-02
2.707290716985612522e-01
1.223409909132816553e-02
-1.302337908762454532e-01
-7.955377266665669689e-02
7.398901611174224513e-02
-3.117873850888785991e-02
-3.043007959362403203e-01
2.064977426919106795e-02
-6.146244204415871049e-02
-3.064066859734260184e-02
-1.208761298365568226e-02
-6.207575317465074960e-04
1.549897408458403847e-01
-8.577814242305711878e-02
-2.161472277165691624e-01
2.187981561314649714e-01
-1.220102702479696766e-01
7.844185051870306014e-02
1.688561569520173333e-01
-1.442331674354741522e-01
-1.205506370467294419e-01
-1.945043061267954232e-01
6.359798104390018691e-02
-2.119381827077459757e-01
-2.865022829575699093e-01
-1.364324425441260924e-01
2.439656096549834285e-01
4.420523157388506208e-02
-7.694113711311234560e-04
1.481481318290725491e-01
-5.062332296257915365e-02
-2.740323478811251268e-01
8.310457187818531821e-02
2.963451324994003655e-01
-1.151477517785393645e-01
2.112191162049509852e-01
2.805156221811549444e-01
-3.358437296319632948e-02
6.918610045276385456e-02
1.601827960122387262e-01
8.753693401132167651e-02
-1.865123242796770109e-01
6.378537363303460328e-02
-1.620194873686888193e-01
-5.896855997031905106e-02
-9.402281675184434584e-02
1.474709342254355016e-01
-1.659675627762657313e-01
-1.580493782984942475e-01
-1.056402734321058301e-01
2.451268971172442801e-01
2.747494258178281856e-01
2.402051513291152962e-01
-8.220790684843987117e-02
-1.632060525533397255e-01
7.541558250045321543e-03
1.589803796585961271e-01
-1.844802098102082955e-02
-3.006861006283529925e-01
2.543772924751064868e-01
-2.482166131112036322e-01
2.789262966339795535e-01
2.428807674451503584e-01
-1.508158519360471572e-01
-5.363644991141708340e-02
8.985629692172319993e-02
8.051297496698484046e-02
2.639226834069332006e-01
2.709373712752383145e-02
-2.555944027551033670e-01
-6.419448600230565072e-02
-1.456759116843063806e-01
9.386491705636829108e-02
-2.619953845105953416e-01
-1.511673190727886307e-01
8.572815177699871780e-02
1.271228389798521041e-01
7.555088890947975200e-02
-1.211095880822877224e-01
2.056729481462681863e-01
1.096224417488161906e-02
4.958882545763154681e-02
1.754185607779399358e-01
-1.190345198423232165e-01
1.263898611798169314e-01
1.303242248189068753e-01
-1.534426604870975375e-02
-2.708342879839312212e-01
-1.673933598979848447e-01
1.840971524082807287e-02
-3.695922711900639923e-02
1.294064049718618437e-02
2.066488103718265301e-01
2.446767644202665903e-01
8.239563306972563783e-02
-2.894236183750906743e-01
2.218030949174644717e-01
2.776884107164517279e-01
-1.072549239524595022e-01
-2.762422360861535031e-01
2.298676829559870849e-01
2.419303649353585217e-01
2.139265712355875038e-01
5.025343317519553876e-02
-3.934215837188503873e-03
1.446833099565041358e-01
5.198483258441133348e-03
-2.516116164270388866e-01
-2.532936106899607021e-01
1.565093895134466728e-01
2.307302698158085197e-01
-3.745187495310808856e-02
2.348771533017693369e-01
-1.491698469521275383e-01
2.644986966621620250e-01
1.384843552715986914e-01
-5.833926282684867570e-02
-2.906736142960678615e-01
-1.992823437138491749e-01
-2.374709229680082023e-01
8.549073805682677607e-02
9.293402588183408142e-02
-2.114281878862526720e-01
3.057556258369263369e-01
-2.633378930883314428e-01
-1.961502499101723251e-01
2.297421465045001443e-01
-7.731375799406861593e-02
-1.645481407776845095e-01
-4.078751814878667226e-02
2.493364188703000583e-01
-2.552083734404583248e-01
-3.011090634936076094e-01
-1.336396872113731482e-01
6.727149480565425277e-02
-2.050768234132110956e-02
2.628568699637300887e-01
1.849295232048931981e-01
-1.048637890162377739e-01
3.000352354889557205e-02
2.048129415711765211e-01
-2.766925988511960144e-01
-2.564697812796956078e-01
-1.821026716266752055e-01
2.462862267499533186e-01
-2.079078518793579800e-01
-2.475778050957136989e-01
-1.531053075262321927e-01
2.810824729028337798e-01
2.991617657229794225e-01
-2.725603896515694791e-01
-6.137988965454549417e-02
-9.243167683744557550e-04
-1.682547532958947045e-01
2.394030378826565442e-01
-1.607817167032307426e-01
-3.849518789811928743e-02
-1.147889199039912045e-01
6.073293052086664590e-02
1.453963391551796880e-01
-4.696837892733984887e-02
-1.806904171995371289e-01
1.558064543009114455e-01
1.647837265317284028e-01
4.955284035290802302e-02
-2.879486136688930165e-01
1.304476457618760077e-01
3.657402189194652875e-02
-1.080500327924699688e-01
-7.580566131213753445e-02
9.660500699957624837e-02
8.249212949103268411e-02
-1.497312694643807840e-01
-1.263672835061875332e-01
-7.495510665088417346e-02
1.058092599863784677e-01
4.214264675965972984e-03
-3.638501364855978304e-02
-2.580089594285983612e-02
2.594018131659132087e-01
2.399366025740585218e-01
9.100223971786286503e-02
1.878426533028546008e-01
2.290846845118705288e-01
-3.997767809337127165e-02
5.194307888833077369e-02
1.641339312956954233e-01
-3.162066066364160877e-02
3.215957736209235085e-02
1.117736019125305513e-01
8.432574583780305666e-02
-1.000320338722028024e-01
-2.817255203032431043e-01
1.792287343284368339e-01
8.434191260025813985e-03
1.490491606760492305e-01
2.524098263255172836e-01
-2.591044973741339907e-01
-3.017420107314213173e-01
3.041389493884315010e-01
-2.416328267137592967e-01
-2.826708912455627720e-02
1.486747664619633147e-01
-1.744650295926346018e-01
4.552059169994915333e-02
-3.033107097014037801e-01
-1.238765285966213214e-01
-7.217634824413485251e-02
8.814380899738161190e-02
6.897953463207878722e-02
-1.266493113126976877e-01
1.593437697912374884e-01
-6.653228592098714422e-03
-1.711376754691858182e-01
-1.138178834249953253e-01
2.058235101477643991e-01
1.234125946290846043e-01
1.752324786199447870e-01
1.239576031081007779e-02
-1.528902247334805453e-01
-1.363663645239400757e-01
-1.391690642514646081e-01
-4.827778539714439043e-02
2.839385026083022789e-01
-1.481030970561815763e-01
-2.571990487207804765e-01
1.790508880457910568e-01
-1.581331568736878135e-01
1.698936306343059588e-01
8.492256288251115448e-02
-1.284583892219125500e-01
-2.292897170938614781e-01
-1.058689163028256608e-01
-2.646560570262686540e-01
-2.220506829334575882e-01
-8.032477664104778481e-02
-1.199804463927446607e-01
-5.035084586294119591e-02
5.829893620216730632e-02
-1.835044306975687212e-01
6.147324432835160612e-02
-2.670766286938291434e-01
2.435149684983277107e-01
-2.780143463583318320e-01
2.760376069721263703e-01
2.014498581446600434e-01
-2.943030440895322841e-01
-1.723921363677859142e-01
2.596570810443913913e-01
2.693911252773763532e-01
-1.463030124490199702e-01
-1.323979843583066307e-01
2.767990492361059318e-01
-2.307538461181778133e-01
-2.510026951978703291e-01
-2.238286279939219470e-01
0.000000000000000000e+00
0.000000000000000000e+00
0.000000000000000000e+00
0.000000000000000000e+00
0.000000000000000000e+00
0.000000000000000000e+00
0.000000000000000000e+00
0.000000000000000000e+00
0.000000000000000000e+00
0.000000000000000000e+00
0.000000000000000000e+00
0.000000000000000000e+00
0.000000000000000000e+00
0.000000000000000000e+00
0.000000000000000000e+00
0.000000000000000000e+00
0.000000000000000000e+00
0.000000000000000000e+00
0.000000000000000000e+00
0.000000000000000000e+00
0.000000000000000000e+00
0.000000000000000000e+00
0.000000000000000000e+00
0.000000000000000000e+00
0.000000000000000000e+00
0.000000000000000000e+00
0.000000000000000000e+00
0.000000000000000000e+00
0.000000000000000000e+00
0.000000000000000000e+00
0.000000000000000000e+00
0.000000000000000000e+00
2.299356196814015263e-01
2.693987421433647889e-01
-1.397744705293531009e-01
2.338861967813427034e-01
-3.192612004435917972e-01
-3.449234995050326491e-02
1.151066534508562444e-01
-4.254539781941338861e-01
-1.316673293402226275e-01
3.631164351049215311e-02
1.591503312068632825e-01
-8.068706489735882892e-02
-3.486772062308185482e-03
-2.894376154745704754e-01
-2.294654825555441924e-01
9.419241493588959013e-02
-4.238010662661872985e-01
-7.454838069831748459e-02
1.516985451350022496e-02
3.468077946171915782e-01
5.008603716370002568e-02
2.548820433298049082e-01
-3.215658965939337532e-01
-4.059922230519343311e-01
-8.780180892426109329e-02
2.315386207661177531e-01
-3.032102210103885254e-01
-3.233636977948433078e-01
-1.108242768918290544e-01
2.769124396874873550e-01
-1.496443441962069798e-01
-4.007570332989770501e-01
0.000000000000000000e+00
0.000000000000000000e+00
