4.503517204662135232e-01
-3.828854959769528166e-01
-6.492800905006402834e-01
1.981263617074124905e-01
1.328133582798136647e-01
-9.431965954314125433e-02
1.642223146472086004e-01
-1.633053901649996753e-01
-3.249220403672219426e-01
-4.554524801375162690e-01
5.695505022197346889e-01
-3.957593771016124085e-01
4.748360885922531249e-02
-1.044215756901079040e-01
1.800601988683234733e-01
9.789594216938024562e-02
2.282727871487452154e-01
3.211606427423463472e-03
7.378905726644136021e-02
-2.442726240472590238e-01
4.393155392385250657e-02
-3.354304832969279282e-02
-1.862399075984289554e-01
-6.493774160596900158e-01
-2.996569451865489508e-01
4.718560615506521838e-01
-1.567457034259510107e-01
-3.626579336646327256e-01
2.340956735396552135e-01
5.534144132043083975e-01
-3.216300655885384607e-02
-7.163916482194276902e-03
-8.729589962143879944e-02
-5.478917905031046587e-01
-5.978448602937993517e-01
4.455867506286732560e-01
5.558356172270124684e-01
-4.988609234551052429e-01
5.557772625017698420e-02
1.070948402003055744e-01
2.955887474858035491e-01
4.721865502836624096e-01
-2.938196685374091510e-01
2.898670402004409619e-01
-6.404636321242932473e-01
6.020165111725088725e-01
-4.895611896803744867e-01
2.786033723317149491e-02
0.000000000000000000e+00
0.000000000000000000e+00
0.000000000000000000e+00
0.000000000000000000e+00
0.000000000000000000e+00
0.000000000000000000e+00
0.000000000000000000e+00
0.000000000000000000e+00
-5.019997631810757532e-01
5.283912783389699275e-02
-6.543170479544527796e-01
5.012235607700609163e-01
-1.857966402675270690e-02
5.247488679792297050e-01
4.565395456189702550e-02
1.097376726509857736e-01
0.000000000000000000e+00
