-4.494367316723261729e-01
3.927343820050777090e-03
-3.750412716362261367e-02
-2.195714127971049034e-01
2.947575704312663802e-01
-4.946575456309054153e-01
9.176419922461698242e-02
5.482967398735865139e-01
6.870283598403830183e-01
-6.067019403724260851e-02
4.294412422857847300e-01
-4.451471814330063559e-01
-2.782870943963921539e-01
-5.861087957918896807e-01
-5.920466674696811538e-03
5.018854692926757455e-01
-5.478829771820907801e-01
-9.327190856161926558e-02
6.793907650300068379e-01
1.462133944564678600e-01
-6.251473945931715903e-01
1.582523192362470521e-01
-5.814714163641301337e-01
-5.288125583795986184e-01
-3.726528229023041705e-01
1.491340095564274160e-01
-8.158699521751100470e-02
3.579595677472233728e-01
3.939843007425520849e-01
-6.643999193056471242e-02
5.835945739024417378e-02
1.762874803343753571e-01
0.000000000000000000e+00
0.000000000000000000e+00
0.000000000000000000e+00
0.000000000000000000e+00
0.000000000000000000e+00
0.000000000000000000e+00
0.000000000000000000e+00
0.000000000000000000e+00
5.542145020664838162e-01
7.866786910008749523e-03
-3.132696700394469458e-01
2.249675962946026120e-01
-7.250335231706471761e-01
4.053577129984565763e-01
3.786507647382603148e-01
-2.550128512787216417e-01
0.000000000000000000e+00
