3.827294521235107538e+01
3.657497133547011714e+01
4.157476237200869917e+01
3.797644059395999250e+01
3.927260176571813588e+01
3.587523348966253423e+01
3.897282302947870392e+01
4.007312195618158768e+01
4.337519025873729106e+01
4.027361302688287026e+01
4.027420607714941525e+01
4.767162677286749073e+01
4.387496758466272695e+01
4.337423126953611785e+01
3.997371608032011636e+01
4.117299499487059222e+01
3.947447492687707182e+01
4.527021267190938403e+01
4.267354397205118488e+01
4.377169096844811946e+01
4.337138231682452272e+01
4.846990842460581916e+01
4.507049872205615770e+01
4.977039843047589329e+01
4.517050162431461047e+01
4.597083532111608406e+01
5.056815916248747556e+01
4.537220785932787237e+01
4.856942360561433247e+01
5.226987058315029344e+01
4.607075551587558948e+01
4.556906594862605431e+01
4.336988127486942801e+01
5.306821953259348845e+01
4.876895984749025104e+01
5.017097668378960407e+01
4.507021260673265317e+01
4.936862507762238295e+01
4.936711238470163465e+01
4.877111156030499473e+01
5.336478301482137709e+01
5.496708624517162889e+01
4.546979715202051864e+01
4.316938852467943377e+01
5.006640832025667009e+01
5.556564467769967308e+01
5.766503587940822229e+01
5.186533500714510581e+01
4.876838213752615303e+01
5.086599042475618404e+01
5.256465560645717972e+01
5.277242856810128302e+01
5.396734748213107480e+01
5.176505688612233058e+01
6.606376848199269602e+01
5.106377040860533612e+01
5.966226537350318893e+01
5.846016975379378522e+01
5.006400166486510983e+01
6.505839329016804129e+01
6.625909064800842430e+01
6.365649619430516992e+01
6.585793680000635675e+01
6.256051907109444699e+01
7.485452499889684930e+01
6.755970185655058913e+01
6.305682638981265598e+01
6.955931200732405273e+01
7.735402379979383625e+01
8.745517926921330343e+01
7.215688164209140609e+01
7.705519456117301047e+01
1.054519937734756638e+02
1.032529345447915432e+02
1.105471944215868660e+02
8.525858880730237388e+01
1.040497601788615185e+02
8.835865125621151606e+01
1.034468791458584320e+02
9.355531973027083836e+01
8.255791325757834898e+01
8.755692214974531851e+01
8.225398063744134447e+01
1.169438425689711067e+02
9.445842216070620623e+01
8.905729353983271324e+01
1.127450928012419524e+02
1.067527642354057633e+02
9.116008002234741525e+01
1.174526991782692278e+02
1.210556544314388248e+02
1.274545251063356091e+02
1.197503448862528614e+02
1.318487421567199931e+02
1.104583372989363426e+02
1.265522818146534547e+02
1.244540900123460432e+02
1.112533584377246143e+02
1.262545075653810898e+02
1.342542418596590323e+02
1.237522642645103872e+02
1.167580340729285098e+02
1.360491863918914532e+02
1.130536594093850198e+02
1.286530282980966433e+02
1.275448682384527928e+02
1.274512232777215104e+02
1.269502373306943781e+02
1.207500340259699385e+02
1.272483578390281025e+02
1.192556641784612594e+02
1.233553397322826441e+02
1.354536552857770175e+02
1.321561099159817445e+02
1.279523227635650500e+02
1.392516265927964412e+02
1.304554670719116700e+02
1.380533609576788763e+02
1.222548066318427828e+02
1.415498814782215220e+02
1.405565975161231620e+02
1.262582225478449374e+02
1.372509584204772750e+02
1.448518374920581948e+02
1.386553825335350041e+02
1.426559738645718198e+02
1.414605619389175786e+02
1.423557648496691286e+02
1.354571161129002235e+02
1.432519531477847181e+02
1.364540787866151561e+02
1.399613739596036339e+02
1.421538742445320054e+02
1.206600721525658173e+02
1.364537128168208540e+02
1.325528363808637380e+02
1.437549198757432407e+02
1.394561141919413103e+02
1.391532784751826171e+02
1.248538588276578167e+02
1.432498193784395255e+02
1.429461286504505608e+02
1.443425650074516113e+02
1.260464845708096817e+02
1.062475300390246673e+02
1.366430888048265047e+02
1.237394218708547697e+02
1.111385469798142793e+02
1.213422226344487456e+02
8.425405438319282325e+01
9.834655162718122767e+01
8.934770644311697652e+01
7.055616369025351275e+01
8.665233139948037433e+01
7.695159951824028610e+01
8.345100489308019576e+01
7.495295045324080263e+01
9.074144583855117219e+01
8.694688942831933787e+01
9.883372758464795993e+01
8.624391239201315784e+01
1.078316037446198408e+02
1.122344964776973057e+02
8.723991749882125646e+01
1.166292131659314748e+02
1.134312227261891195e+02
1.140359881820934760e+02
9.934813868689334981e+01
1.184433358069695430e+02
9.664381660041237865e+01
1.395270864123403953e+02
1.433339147297956515e+02
1.351352567167595282e+02
1.267475062074746575e+02
1.424374638886312709e+02
1.246413786486389625e+02
1.436436940607569852e+02
1.468452956947266728e+02
1.399502293944761675e+02
1.321517157759510326e+02
1.237471176082058264e+02
1.459450402432050851e+02
1.348546383787835907e+02
1.365590262629706615e+02
1.355533717981438997e+02
1.352482708511974749e+02
1.472500904695957900e+02
1.313568945291093257e+02
1.404540284402982593e+02
1.451536601080801177e+02
1.445540942590991733e+02
1.441549748461331149e+02
1.437524269022273700e+02
1.442607232639866481e+02
1.439528209100365643e+02
1.434538320157035116e+02
1.441579944640136546e+02
1.426542766000065683e+02
1.381542928743153595e+02
1.438506703348488713e+02
1.403579693576706120e+02
1.468538093920253687e+02
1.465503965044750032e+02
1.495505322344621675e+02
1.329557119544519992e+02
1.230606993967334546e+02
1.443530144133165436e+02
1.182599043837183217e+02
1.558500550991678324e+02
1.495497892191575033e+02
1.471468379855868420e+02
1.365528712708421608e+02
1.398559291933121074e+02
1.491483132807901768e+02
1.391554157813311861e+02
1.469474124846393295e+02
1.398494207266839453e+02
1.436407606599575502e+02
1.446481048572952659e+02
1.420504525567106953e+02
1.448518658909828503e+02
1.419531595890787798e+02
1.453460813078633578e+02
1.460414884859565916e+02
1.478524850806127802e+02
1.491413859737970142e+02
1.514438262899115273e+02
1.547456593276297667e+02
1.343524450078544703e+02
1.488490709653021327e+02
1.483405892964109682e+02
1.406509111686547726e+02
1.379501268587463869e+02
1.554421841754166849e+02
1.404533122436312738e+02
1.237569961825361844e+02
1.547463590747486819e+02
1.490520832394022079e+02
1.456523977546964375e+02
1.332500828866427014e+02
1.568487502811922809e+02
1.342572062455550963e+02
1.461501203218564910e+02
1.451523513268162162e+02
1.504474529442072139e+02
1.530477805013308057e+02
1.406485995544155401e+02
1.447511821746428495e+02
1.445502369495406469e+02
1.434485651470887433e+02
1.332538638194557450e+02
1.426525848899276241e+02
1.504454784117065174e+02
1.674432394083779627e+02
1.503480345764550350e+02
1.484508319383938328e+02
1.480457256742186871e+02
1.528442301587392365e+02
1.230510617116572973e+02
1.360473508064399653e+02
1.379442755917434056e+02
1.466472862956166239e+02
1.334468689193993498e+02
1.550496907890233445e+02
1.392472638258887798e+02
1.441523604028760417e+02
1.478492001116244978e+02
1.520446190441495560e+02
1.546466751606639889e+02
1.606429215034336551e+02
1.478502640326461801e+02
1.571428052097168973e+02
1.536425836300507513e+02
1.515451874291778722e+02
1.523486057050164106e+02
1.472430678056776117e+02
1.576421885304277453e+02
1.339538513613266559e+02
1.575401696091754786e+02
1.579442353931495973e+02
1.604359233523060198e+02
1.240542740508666384e+02
1.496437297827505972e+02
1.546443448148326922e+02
1.437497218509373056e+02
1.433499817487227688e+02
1.475463743626197015e+02
1.444465490409525614e+02
1.466462722792080626e+02
1.517508085625789533e+02
1.609437605216965039e+02
1.521459658851675840e+02
1.617470980132657701e+02
1.490452901471107339e+02
1.450500173745306540e+02
1.523458539845050836e+02
1.500473612880656447e+02
1.588392649824532441e+02
1.595387829895871903e+02
1.680429215640134260e+02
1.498502970230317146e+02
1.481435449710243688e+02
1.592449855095558746e+02
1.525371483393173264e+02
1.668427603172189038e+02
1.623373218306261094e+02
1.586415034048671941e+02
1.554446610170430176e+02
1.593464134176761604e+02
1.599394773744029408e+02
1.662456885824055064e+02
1.600481779730837957e+02
1.260498656926143042e+02
1.684398424907355150e+02
1.486458966275064597e+02
1.605407383640845751e+02
1.512464471180487635e+02
1.595492113081087950e+02
1.520454544509269965e+02
1.608417148848259615e+02
1.635374880025568132e+02
1.415498796872686853e+02
1.670404394384476348e+02
1.649413345999433318e+02
1.795316651928839633e+02
1.538404561675607169e+02
1.530444295507027448e+02
1.597399907325056745e+02
1.678395515340024247e+02
1.442476610419501242e+02
1.581389438767436673e+02
1.692312837410245834e+02
1.633347723509283753e+02
1.570318030448136994e+02
1.418394134598040637e+02
1.635254640721689157e+02
1.737332086429581182e+02
1.606403069805664927e+02
1.769292264391059462e+02
1.675321442079381313e+02
1.670340726686947050e+02
1.596313227956889023e+02
1.686288924795437083e+02
1.744240053748630714e+02
1.592320672864340736e+02
1.634328123437283296e+02
1.602310984548750810e+02
1.573371516933121086e+02
1.774232662662434450e+02
1.779277131086539327e+02
1.647265100439215360e+02
1.800264545237513119e+02
1.701345840733875718e+02
1.411349268790803819e+02
1.551306800309866389e+02
1.671321314825614479e+02
1.737299854339750027e+02
1.578354809851395828e+02
1.640179621989224472e+02
1.888218949261403452e+02
1.704256424010138460e+02
1.647265611056075443e+02
1.840178951823316993e+02
1.729278633830860485e+02
1.653272764775219343e+02
1.711270536967927569e+02
1.529327629006084237e+02
1.816179746864917774e+02
1.766193126339267110e+02
1.742294055248770235e+02
1.787230738833519865e+02
1.761170205541560563e+02
1.794115619519654388e+02
2.012184699322111214e+02
1.850279973542991456e+02
1.831239622777563909e+02
1.716245633178077128e+02
1.769275516536793873e+02
1.891241540931686416e+02
1.778167373177158481e+02
1.994132228026125517e+02
1.901216008202707712e+02
1.845144617330590222e+02
1.738311602943485923e+02
1.887123078150731885e+02
2.018249858568418063e+02
1.977151511924460010e+02
2.085238194100739406e+02
2.084174794286778649e+02
2.145098010330731029e+02
1.959113006611664218e+02
1.976047485743705749e+02
2.023097725835658025e+02
1.980177267961335588e+02
2.081082832450119326e+02
2.273944311686059905e+02
1.883130630889207282e+02
1.993986399291462703e+02
2.143094969951204405e+02
2.036060219826435400e+02
2.181077849225281682e+02
2.400915927142098667e+02
2.149017395283432847e+02
2.241096899423366153e+02
2.370039665795717951e+02
2.463067611790034448e+02
2.268922331471045197e+02
2.275064603933120395e+02
2.373070419501703725e+02
2.483938734848688341e+02
2.605936209741517473e+02
2.345083521417139423e+02
2.193991996601474455e+02
2.552036147632310019e+02
2.546081834083684896e+02
2.439034315171547291e+02
2.594000296284522733e+02
2.638943019856563978e+02
2.738852329420569731e+02
2.632031826594966333e+02
2.629045609425551220e+02
2.559043529863806725e+02
2.492009866934510285e+02
2.695066980579108531e+02
2.735924973747649460e+02
2.312952174564091479e+02
2.567956892480695501e+02
2.555100857948240787e+02
2.556008621897765920e+02
2.661085067112519482e+02
2.482074272177565035e+02
2.792951423048279480e+02
2.631112118853139918e+02
2.760157021154212771e+02
2.683079037733182304e+02
2.698090471129559660e+02
2.680140450602294209e+02
2.429202512699909278e+02
2.767078140923798628e+02
2.802076877345605226e+02
2.840018101809610016e+02
2.699086437937748428e+02
2.640159986105746270e+02
2.866052381179433155e+02
2.872028303136586374e+02
2.807073885843711878e+02
2.842028888605834709e+02
2.896107447896566782e+02
2.523106107433399359e+02
2.748081830342165404e+02
2.885070710066137849e+02
2.856086225004971197e+02
2.855969126921892212e+02
3.044935016857906476e+02
2.836970093713092069e+02
2.819992045719258158e+02
2.825093746060127842e+02
2.906019618358129719e+02
2.951025842268096540e+02
3.095975970648705129e+02
3.018016336354038458e+02
3.129944076544861105e+02
3.089035674576483075e+02
3.001980160665287940e+02
2.794016811185517213e+02
3.027000963929750128e+02
2.938006022966877708e+02
3.069034264041062556e+02
3.025994630513461630e+02
3.090892877137781625e+02
3.110988707005977858e+02
3.001064113110332983e+02
3.278952600437597766e+02
3.097020691887620387e+02
3.118036029435992305e+02
2.848999005277333936e+02
3.187845047690173033e+02
3.203915586804968143e+02
3.020981138580111178e+02
2.922018538525267672e+02
3.105938247364039739e+02
3.605681070311564440e+02
3.334929398701120817e+02
3.431837323072060713e+02
3.359009662788425885e+02
3.498946139792620897e+02
3.540773866195460187e+02
3.565844476486766439e+02
3.180883532746077549e+02
3.436814022398265251e+02
3.508878482177456135e+02
3.408826369534157266e+02
3.507801901464041521e+02
3.914799549877512277e+02
3.485916268371405522e+02
3.860629434957336912e+02
3.812668180361226291e+02
3.431860521560224697e+02
3.560779281563047789e+02
3.640797598034906741e+02
3.441765070106880557e+02
3.702667052595351151e+02
3.800695822385724227e+02
4.148665654444055804e+02
3.684849259002389203e+02
3.735719816035626195e+02
3.858765055252796969e+02
3.871756981649165255e+02
3.886764437084979136e+02
3.875715295258708579e+02
3.820712961489787745e+02
3.875669114931541799e+02
4.236482463213779965e+02
3.974568170127386679e+02
3.991682073286619925e+02
3.613662627829667713e+02
3.845438729826528288e+02
3.863524361139377561e+02
3.400554979374772984e+02
3.949398406027325450e+02
3.706542545775246253e+02
4.106465704324697299e+02
4.146583612507680527e+02
3.874650110102348890e+02
4.203703120916346734e+02
3.966636263956573885e+02
3.957650054951914171e+02
4.344676685155383780e+02
4.231614519459377561e+02
4.381697963509442388e+02
4.419688028183189772e+02
4.623527261480523407e+02
4.601677223176712914e+02
4.559694398785383669e+02
4.201793373698823189e+02
4.912475170074616244e+02
4.597713922392148334e+02
4.775757354394964977e+02
5.067643419272313849e+02
4.983767778343514010e+02
5.038660334793408992e+02
5.100693820758305037e+02
5.099767186758975868e+02
5.105687851708916014e+02
5.116798080704213021e+02
5.013733150931456066e+02
5.034774571449586915e+02
5.172705165002064405e+02
5.405804506714301851e+02
4.881862671978880144e+02
5.541728718939302780e+02
5.317786182701582902e+02
5.524709992159737340e+02
5.382787982857431643e+02
5.110811557786986441e+02
5.617705979454260614e+02
5.466663333031690399e+02
5.097794448752298990e+02
5.119789770216192437e+02
4.940710282814076209e+02
5.168689493910090960e+02
4.833781082995095062e+02
5.027704749614979960e+02
4.985707742059681777e+02
4.891723264034787348e+02
5.113784693816512004e+02
5.340656756856776610e+02
5.667617781732974436e+02
5.556632551106943083e+02
5.404738381881078340e+02
5.502668972619379701e+02
5.699634162457003868e+02
5.588697060609399614e+02
5.549527743561507123e+02
5.420580442592233794e+02
5.540643223666809263e+02
5.770632286905746469e+02
5.664508267158937542e+02
5.513466364288628938e+02
5.574533838085405932e+02
5.662489977700812460e+02
5.642515894438261057e+02
5.559530318830130682e+02
5.549640507725902125e+02
5.621453875829644176e+02
5.841434931764529210e+02
5.699565086232755675e+02
5.601454873347041712e+02
5.701406559597029400e+02
5.704632221460572055e+02
5.956532504753542980e+02
6.049472578812251413e+02
5.777580424004611359e+02
5.829593834005639792e+02
5.561514444002501705e+02
5.888516244674328846e+02
6.111530056911934707e+02
6.159395031437373973e+02
5.879660537319203968e+02
6.077541459704312956e+02
6.207550945534070479e+02
6.143522473500102024e+02
6.256597930565468459e+02
6.352464380511573836e+02
6.082554816588698259e+02
6.528563332089177038e+02
6.325575216646076342e+02
6.554562065772119013e+02
6.314399694964467926e+02
6.394554126540962216e+02
6.472409502306102240e+02
6.422407844339710437e+02
6.523364286747507776e+02
6.458571635016676282e+02
6.131412358755442256e+02
6.384314596626635421e+02
6.736386818622206647e+02
6.503214478543530959e+02
6.677202746656237196e+02
6.485126732627502406e+02
6.148315503157751891e+02
6.259320592630795090e+02
6.604269692965700642e+02
6.406191347479909837e+02
6.315286965732077533e+02
6.380085419941182181e+02
6.303136167765278515e+02
6.222142354518115326e+02
6.200076249552012086e+02
6.441088188812134376e+02
6.372039629449617451e+02
6.770125968432172385e+02
6.617172829347539391e+02
6.529036316276420848e+02
6.609069828474965789e+02
6.603036580082090268e+02
6.739196146193324921e+02
6.324133449509547518e+02
6.269280000789857468e+02
6.844950545778179958e+02
6.574161734286533374e+02
6.358242338439488321e+02
6.396260973650436199e+02
6.503234017417540827e+02
6.409229936764252216e+02
6.437271366068800944e+02
6.234232628322122309e+02
6.693281344483590374e+02
6.591132865349072745e+02
6.319309836622878720e+02
6.565315015389247719e+02
7.083088310444915123e+02
6.805034082094618952e+02
6.778936657407098210e+02
6.952164123168220158e+02
6.762105702024466609e+02
6.245323538325098980e+02
6.733087988084926110e+02
6.823173554980563722e+02
6.826211945452788541e+02
6.457212194980418190e+02
7.033278592246231256e+02
7.019062909152172551e+02
6.690241650287046014e+02
7.014111462779867452e+02
6.984155614205924394e+02
6.949094285433906180e+02
7.240146846124581543e+02
6.891155575696782307e+02
7.016144108681527314e+02
7.023162963628614079e+02
7.155150555652240882e+02
7.069228069200253231e+02
7.265295581871059767e+02
6.714400690297276242e+02
6.922263069290418116e+02
7.488112740913202288e+02
7.270237505583246502e+02
6.988227012945483239e+02
7.415143974156319473e+02
7.528030539832504928e+02
7.390144612411675098e+02
7.577047930230030488e+02
7.382088967108404631e+02
7.486331405782400452e+02
7.795045934498474480e+02
7.651264389177041494e+02
7.767152062216135846e+02
7.640112803912631989e+02
7.984135579993733245e+02
7.945079061276040875e+02
8.039236795961018061e+02
7.814153057482956228e+02
8.311223406071915178e+02
7.836215086653676281e+02
8.085205780885384002e+02
7.498156609109685178e+02
8.021205842359175904e+02
7.655212352587759597e+02
7.919154741757677129e+02
7.871054481998778556e+02
7.711073540993695588e+02
7.859051620537404688e+02
7.840019725086046947e+02
8.014883314656931361e+02
7.894889627240397658e+02
8.204928861719272390e+02
8.088064545672128816e+02
8.017895159617794434e+02
7.783978076989387773e+02
7.787956432566282956e+02
7.793040990595392259e+02
7.849902128773550203e+02
7.613076411107231252e+02
7.923000874383603787e+02
7.788983267326673285e+02
7.949924572119452932e+02
7.816004255440930137e+02
7.922878036003864963e+02
8.005816391005826063e+02
7.947880984514074498e+02
7.686981051402724461e+02
7.822982576124153411e+02
7.597892440966363665e+02
7.323131300332740921e+02
7.432884100718108584e+02
7.725785314649668862e+02
7.377767717392924851e+02
7.524672555020669051e+02
7.479765342453721360e+02
7.500676786207400255e+02
7.291776047379488546e+02
7.253880458816836381e+02
7.528775838297448217e+02
7.624726995898483892e+02
7.756655239278957197e+02
7.296985549414234811e+02
7.607978676853921343e+02
7.614759990913873935e+02
7.379092408016309719e+02
7.940923438879075320e+02
7.572863369926000132e+02
8.230729750185095099e+02
7.690016968362814396e+02
7.989757964403685264e+02
7.858854984684860483e+02
7.514848457998923550e+02
7.738138114491729311e+02
8.150747496944792374e+02
8.060833149079178384e+02
8.293932332321473950e+02
8.298154882969678283e+02
7.737970619047443961e+02
7.617187710275916288e+02
8.059997165266510137e+02
7.887123990979998780e+02
8.153928605610246905e+02
8.027971706880664442e+02
7.533940420557124753e+02
7.731034311638230747e+02
8.126026930033585813e+02
7.910020109005810127e+02
7.873144283010282152e+02
8.118950246214380968e+02
8.125030892867443981e+02
8.262174739591376920e+02
8.393986930748000077e+02
8.237055267760591732e+02
8.178188275938952074e+02
8.374961052463220312e+02
8.601912829326420251e+02
8.189931256683087213e+02
7.778018616323740844e+02
8.137985566804541122e+02
7.676704011674042931e+02
8.430842923231861050e+02
7.751062556944523294e+02
7.270131783914227981e+02
7.889843415737886971e+02
7.604968473518782730e+02
8.225773241507793045e+02
7.280892868903222279e+02
7.660953910788906569e+02
7.846802234181943732e+02
7.459909236303537909e+02
7.429860187291027387e+02
8.010802112325450253e+02
7.908613211892156869e+02
7.536891014619500311e+02
8.052719189303787743e+02
7.967652573765664101e+02
7.776882236730449449e+02
8.313589628331914128e+02
8.410608177924502797e+02
8.112619996309560975e+02
8.249575988467870502e+02
7.800794164248277411e+02
7.923812142077655380e+02
8.441729877312366170e+02
8.449645009633932204e+02
8.315625659484137486e+02
8.306732322615283692e+02
8.679711405049667974e+02
8.619902760975373894e+02
8.635684101379110871e+02
8.906776564356862309e+02
8.534795665517464158e+02
8.611974911657307530e+02
8.981984757186904744e+02
8.499872791518031363e+02
8.272979843495398882e+02
8.640977453593438895e+02
8.600794790696520522e+02
8.883015119580904866e+02
8.770919671325316358e+02
8.853910260376218275e+02
8.735943599769532284e+02
8.441169730017620623e+02
9.159065358190810002e+02
8.819041056861263996e+02
8.694021166797716660e+02
8.727148456113775410e+02
8.899066806221202341e+02
8.591186803615566987e+02
8.884122096999559517e+02
8.798193975213029034e+02
8.657137525105448503e+02
8.799247228902631832e+02
8.849288171579950131e+02
8.669399229571370142e+02
8.373385976678595171e+02
8.552311606193541138e+02
8.787304612120236698e+02
9.090148578530421446e+02
8.896233164155640907e+02
9.084356685033859549e+02
9.025375111815952778e+02
9.162364714431714674e+02
9.215173017554883472e+02
8.866346301218470671e+02
9.128305111896625021e+02
9.032295658654429644e+02
9.415168131100426763e+02
9.316367766293615205e+02
9.295262196523883631e+02
9.599300832585438457e+02
9.098368243174081726e+02
9.107378545953691855e+02
9.318334842774604567e+02
9.571183482826630780e+02
9.375350300288615699e+02
8.961265430951327744e+02
9.717199093016882898e+02
9.181253361180513366e+02
9.259401238110662007e+02
9.256272966983763126e+02
9.291310212042832291e+02
9.330364110038183298e+02
9.318282848726605607e+02
9.369256299396556642e+02
9.296294294051600673e+02
9.017443519546253583e+02
9.475372254577272315e+02
9.429369718501478701e+02
9.181377432040551412e+02
9.261419198300836797e+02
9.332451862443620030e+02
9.572331419962278005e+02
9.404377111767537372e+02
9.334403491935814827e+02
9.002463073190862133e+02
9.333422737684293224e+02
9.517288272611043567e+02
9.253470732275876571e+02
9.464371440622217051e+02
8.942456984301188641e+02
9.118432497259284446e+02
8.822329159177166957e+02
8.764562066775475841e+02
8.934535532887463205e+02
9.045447500602829223e+02
8.892453385656617684e+02
8.754419273578927232e+02
8.737460572252778093e+02
8.406510684203233268e+02
8.808456050883456783e+02
8.170390792465915411e+02
8.679451797563251603e+02
8.615323924697895563e+02
8.509368901269605203e+02
8.469256519231330458e+02
8.237332956772758052e+02
8.060304857144443531e+02
8.364255968187201233e+02
7.875312075752547116e+02
8.092146496537308167e+02
8.085101954090448544e+02
7.933077216461681473e+02
7.952177102167709108e+02
7.835263620044843265e+02
7.861145726579800339e+02
7.544171502056324243e+02
7.306260463338084037e+02
8.024007528143881700e+02
7.180213558967810741e+02
7.689996946825598343e+02
7.670041410779793978e+02
7.912067919792636985e+02
7.722051892638149866e+02
8.065054845232584739e+02
7.774113633966799171e+02
7.840003629212586702e+02
7.988103881223576082e+02
8.138076074307086856e+02
8.449121262404248682e+02
7.935196344300370583e+02
8.121040216151135382e+02
8.670939206529785679e+02
7.960102908392983636e+02
8.337079674279818846e+02
7.852287834170450651e+02
8.545085469410408905e+02
8.593955876260830564e+02
8.261993254608803454e+02
8.195000519108618846e+02
8.094177937849825639e+02
8.409903716756427912e+02
8.283983469898530529e+02
8.264045436823098498e+02
8.148089822791819188e+02
8.281012936379881921e+02
8.551951874670415918e+02
8.367096258977065872e+02
8.169932401343354513e+02
8.140141209721608675e+02
8.647973162864602727e+02
8.875069079427939869e+02
8.600167276457414118e+02
8.442053570386666479e+02
8.883950206260411733e+02
9.082090040250996026e+02
8.718209711356032585e+02
8.789103018772715359e+02
8.761303344152325963e+02
9.325034030338001685e+02
8.947175868140608372e+02
9.042156841220391925e+02
8.953113425104736507e+02
9.221131838888816219e+02
8.886149133660419466e+02
8.608271165113856114e+02
9.106184457639752736e+02
8.953013231218843657e+02
8.773980794026234662e+02
8.719080472665202706e+02
8.072231326459494767e+02
8.492983373770545086e+02
8.313012311096057374e+02
8.136082549080210811e+02
7.493163695127864230e+02
7.829052415338411492e+02
7.736020009776841562e+02
7.676101147262031645e+02
7.413098585083587295e+02
7.811965128457525225e+02
7.682934793280419399e+02
7.565060091931470652e+02
7.803937741852732870e+02
7.839925994930758861e+02
7.796979857717496998e+02
7.806967671773616075e+02
8.109925006571113499e+02
8.281880687249386028e+02
8.119874230101007697e+02
8.151821953273667987e+02
8.119945065793841650e+02
8.089927500566233221e+02
8.182897707437350618e+02
7.551055242862074692e+02
7.778993552836811887e+02
7.791999460876656940e+02
7.900040071375199204e+02
7.945010597800651340e+02
8.421942562269774726e+02
8.358937078333381123e+02
8.386912025879300927e+02
8.370971803370675843e+02
8.652850690125735582e+02
8.602002823047598667e+02
8.845911910009139092e+02
8.857872457095306800e+02
8.507989468257692351e+02
8.986925488650076659e+02
8.895101514552756043e+02
8.964992841105868138e+02
8.820957421637300513e+02
8.571181070350748996e+02
9.163979676513679351e+02
9.138942143686924737e+02
9.002965084177856170e+02
