5.254743967552033546e-01
6.424633619478667956e-01
4.903940005404396896e-01
2.171358739566454643e-01
5.228092152089494071e-01
6.576755021996276707e-01
5.633559082801553597e-01
-1.272570561891617213e-02
-4.074519524434922491e-01
-6.838985351725412887e-02
5.848379150961402484e-01
-1.634936188243649724e-01
5.978785613884407546e-01
-5.734222718826761378e-01
1.007876538170308089e-01
3.223059397793310854e-01
-5.161013025708629520e-01
-2.249938058249291162e-01
-5.336597869448336251e-01
-5.859797045214459876e-01
-6.777806009179234703e-01
6.673179468041832152e-01
-5.636423545005381230e-01
3.833294006065046666e-01
-6.700776615822312543e-01
-6.275207495610166664e-01
6.755799651184997145e-01
-5.966251347244329040e-01
-3.723133988244764492e-02
4.886288629859092403e-01
1.325015921671121033e-01
3.938712720329271555e-01
0.000000000000000000e+00
0.000000000000000000e+00
0.000000000000000000e+00
0.000000000000000000e+00
0.000000000000000000e+00
0.000000000000000000e+00
0.000000000000000000e+00
0.000000000000000000e+00
-4.684809217845133378e-01
3.833554600722118844e-01
-3.707758180268073134e-01
5.726427694714342209e-02
-6.968085131802222998e-01
-2.084073033783828688e-02
3.834990058200026253e-01
-4.728066920548449903e-01
0.000000000000000000e+00
0.000000000000000000e+00
