6.759034272983517333e-01
5.068437451477190159e-01
-5.598141862049312856e-01
6.802159643669867251e-01
-2.312144905062674116e-01
5.555664653333265424e-01
-8.507231588697072855e-02
1.760554389813532294e-01
1.776726880898028549e-01
3.477492922946183729e-01
5.095243281530481561e-02
2.492986475835238247e-01
-9.192510031104705881e-02
-4.469502922398682632e-01
-3.514112474347954040e-01
6.149898315270796445e-02
5.081235445872276379e-01
4.886925240787085567e-01
3.358728608340875166e-01
5.671130432972586455e-01
8.775860567752302721e-02
-6.207418963635080722e-03
4.987513109341283890e-01
2.932990823244041589e-01
6.680968719307422976e-02
-5.294363386323963638e-01
-4.510166211480522436e-01
-6.469055527726264021e-01
-2.713532235903461376e-01
6.679362516134486061e-01
4.821169691082123343e-01
2.447819410738136803e-01
0.000000000000000000e+00
0.000000000000000000e+00
0.000000000000000000e+00
0.000000000000000000e+00
0.000000000000000000e+00
0.000000000000000000e+00
0.000000000000000000e+00
0.000000000000000000e+00
-3.704147411854535887e-01
5.951489036768945473e-01
-3.147356703552277590e-01
-8.107807759824334770e-01
6.928116669309344333e-01
1.840667558239594825e-02
-7.076527321799351844e-01
3.068316670489562581e-01
0.000000000000000000e+00
0.000000000000000000e+00
