-9.398315080368657704e-02
-4.783853939595493765e-01
4.182631187847063448e-01
-3.983045775973904079e-01
-3.284868084846924718e-01
5.376469881390733008e-02
-1.649578844030701319e-01
-1.163424966756215762e-01
-6.747246830788029559e-01
-7.107770432855919918e-02
2.139211356666138597e-01
2.250766841977206445e-01
-2.374416685504845415e-01
1.418476684105591801e-01
1.130447776719556430e-01
1.128894308614701858e-01
6.334492371849984593e-01
-3.630088786856658922e-01
-5.565409390956775892e-01
4.977479310953518699e-01
2.432549129178839253e-01
5.697262492770036602e-01
-3.274428621277524765e-01
-1.809352184290106136e-01
-5.288108068691044217e-02
-1.263981270718067540e-01
2.586772727409079042e-01
-2.991461393732072760e-01
-4.511019535747498033e-01
2.688045951520607879e-01
4.770160298581391789e-01
6.880751600208030450e-01
0.000000000000000000e+00
0.000000000000000000e+00
0.000000000000000000e+00
0.000000000000000000e+00
0.000000000000000000e+00
0.000000000000000000e+00
0.000000000000000000e+00
0.000000000000000000e+00
4.618396315056366719e-01
7.867270569760619336e-01
-2.465757259351419872e-02
-2.494500010811728785e-02
-5.140705129830145381e-01
-2.243710956337791051e-01
2.384671371071030999e-01
-7.713405496660118432e-01
0.000000000000000000e+00
0.000000000000000000e+00
