-3.318176002164801019e-01
2.117584046986182855e-01
3.716742637155772133e-01
3.568925246009053698e-01
-1.411657978383963341e-01
-1.426620628159230852e-01
-2.959739186089507812e-01
4.234739866805981023e-01
-1.930496924651743385e-01
-5.247047867667642418e-02
-5.418933556330565171e-01
-6.705636369862510993e-01
1.808207776454739957e-01
3.740044565135622889e-01
-2.047780893362849408e-02
2.319825246484189529e-01
-2.134619765062564789e-01
1.701715621234951570e-01
2.569052792096621074e-01
-5.108115265576087527e-01
2.816571629891140294e-01
3.933930230492832525e-02
3.935281062354536452e-01
-5.484920376511347451e-01
-4.015043594483447276e-02
7.043643995526338575e-01
5.084687013182112025e-01
-4.786439794465779385e-01
2.444702958997557740e-02
2.545363419871019550e-01
3.131735290307313679e-01
4.648884485312094750e-01
0.000000000000000000e+00
0.000000000000000000e+00
0.000000000000000000e+00
0.000000000000000000e+00
0.000000000000000000e+00
0.000000000000000000e+00
0.000000000000000000e+00
0.000000000000000000e+00
1.637377088356706256e-02
6.875352458844999903e-01
6.376274303042828162e-02
-2.228317258360863473e-01
-2.393583933650464957e-01
-5.227621652767922011e-01
-1.995795204626480412e-01
7.142550185253985218e-01
0.000000000000000000e+00
0.000000000000000000e+00
