-4.153797227905585698e-01
-4.267827139560900762e-01
-8.254125333919071217e-02
2.421335441353623663e-01
-4.590051876899480243e-01
4.135036291129201569e-02
3.074505950368191520e-01
-5.224338076831218647e-01
2.817609309186552835e-02
-1.563154949176120967e-01
4.123065876253992901e-01
-3.037934860689675554e-01
-3.074000945941796625e-01
-2.397211182846376576e-01
6.801257649339593758e-01
6.763341026124947142e-01
2.068665539625191840e-01
4.188075962899993065e-01
-3.382712166044571922e-01
-2.643001261389874568e-01
3.273027547746429899e-01
-1.637129894404025787e-01
-4.366005532395004218e-01
-1.486777130273766456e-01
-6.256037025148794006e-01
6.996730270277677910e-01
-4.637871160337989629e-01
6.055832357092489904e-01
5.394069394418974372e-01
3.613502764091285346e-01
-6.348677503296695779e-01
-5.533361693572503848e-01
0.000000000000000000e+00
0.000000000000000000e+00
0.000000000000000000e+00
0.000000000000000000e+00
0.000000000000000000e+00
0.000000000000000000e+00
0.000000000000000000e+00
0.000000000000000000e+00
1.956458776547044254e-01
-2.514324397292917457e-01
-7.916420136334896274e-01
-7.262472425306979451e-01
-5.418013134899515304e-01
1.120091765427227992e-01
-3.985113494934355849e-01
-5.283814943925376761e-01
0.000000000000000000e+00
0.000000000000000000e+00
