-8.898177651184013826e-02
2.459038810352058846e-01
4.952878132890270457e-02
-3.928411701050961158e-01
1.261300700489479398e-01
-1.166627639053123833e-01
3.839224547683699473e-01
6.638587945548650726e-01
5.159931264890649238e-01
5.580953419340015653e-01
1.019898539238025537e-01
-1.187141030587957058e-01
-6.167228591688534989e-01
3.925321566154660324e-02
4.838082442592901433e-01
4.631427776281900055e-01
-4.538029206376512081e-01
-4.110030807309716927e-02
4.767049728600265546e-01
5.032137449311429034e-01
-7.031829108222076297e-02
4.510780900357458378e-02
2.848266321136685431e-01
5.243059380862529206e-01
4.877000017833166279e-01
1.840467221727978275e-01
-3.964529957605920640e-01
-3.327354310324971420e-01
2.853738640149316996e-02
1.507720852065508321e-02
1.592206406653023931e-01
4.986061734569666726e-01
0.000000000000000000e+00
0.000000000000000000e+00
0.000000000000000000e+00
0.000000000000000000e+00
0.000000000000000000e+00
0.000000000000000000e+00
0.000000000000000000e+00
0.000000000000000000e+00
2.064813781244611013e-01
3.152481852702518905e-01
-4.434474676042149399e-01
-1.094203291156509161e-01
7.219431582699796790e-01
-1.617461467345492343e-01
6.137156568746527929e-01
-3.964468499010026514e-01
0.000000000000000000e+00
0.000000000000000000e+00
