2.673659771888519110e-01
2.250926937675924444e-01
9.384952650033540067e-02
9.929140706085437529e-02
3.085594889247078587e-01
-1.358941496450412345e-01
1.497980658807768206e-02
-2.042832054838221167e-01
2.019625311693487024e-01
-3.153764416420516414e-01
-3.253849777518448283e-01
-1.855768355425070071e-01
-5.782948707068191752e-03
-3.250433268951987698e-01
-1.887892973277801034e-01
-1.323952848352342448e-01
7.651449425989953479e-02
-3.145305418120815655e-01
-6.310772665116709534e-02
-2.470059998251603606e-01
-3.426792061764238895e-02
-1.467289217216594943e-01
3.292837522356455437e-01
3.387713628352401196e-02
-1.577942887637895364e-02
-1.900029887373710369e-01
-1.683279961081100284e-01
-6.362398055941820285e-02
-2.100750215253873177e-01
2.089481031638484865e-01
2.132350614866916905e-01
2.756141007048565905e-01
5.976154137387362786e-02
-2.783736904924824507e-01
-3.352125723347800790e-01
-1.967625085200623292e-01
-3.064479474565800499e-01
1.439936738423795992e-01
-2.063333455573764796e-01
4.154503242325929824e-02
2.770230051472656330e-01
-2.803745657331742636e-01
-7.881313731161682101e-02
3.033993157301079213e-01
1.197340718471708865e-01
1.051155569478716134e-01
3.388141352670916984e-01
9.461755091441392818e-02
2.742332623508699774e-01
-2.789864218349214497e-01
-1.864294903783924873e-01
2.552753217673160435e-01
4.010092997052400188e-02
6.068775125843889340e-02
1.081244815649645696e-02
-2.817292432067788344e-01
-2.363294037058377151e-01
-7.709729145289467844e-02
-8.540695972608497444e-02
-9.932399060323990336e-02
1.425009460176677178e-01
3.320536068824695430e-01
-2.715280298600839526e-01
-6.986895977882873199e-02
3.078661377041606029e-01
2.937981027982958793e-01
-2.886718714926213569e-01
3.363068825291516406e-01
1.537152092216945709e-01
1.174769410698585093e-01
-6.581574793094485676e-02
-1.521013428885915064e-01
-2.871136188463401240e-01
3.378259644088020819e-01
-7.098698819982618424e-02
-2.812135964164893531e-01
2.395972751464512385e-01
8.622492089692562756e-02
-2.129166005480105928e-01
2.667585837691810458e-02
2.014057700694806829e-01
3.350929522892059920e-02
3.361894294489268242e-01
2.929641165353766841e-01
1.372358655670162797e-01
3.158422676701987397e-01
2.306585236319436127e-03
1.059046110304910915e-01
-3.172229714422050706e-01
-9.385263924296549654e-02
2.055906908945013267e-01
-2.567317441365257746e-02
-2.997513439644007294e-01
1.408761993459385353e-01
1.296491649188097339e-02
-1.228531627261252868e-01
2.189610595181858965e-01
-2.929601472125956674e-01
9.787217281912691247e-02
-2.897797632385127886e-01
2.942908534587179714e-01
2.532095267369841585e-01
-2.700821406794157165e-01
2.206127381096694151e-01
1.604855855160813860e-02
2.919341904878534066e-01
-8.270426807259201318e-04
-2.044750520211441325e-02
-7.164544244191195510e-02
7.764982313830970373e-02
-2.354941069982386948e-01
-2.518741371783643213e-01
-2.301626911013933130e-01
-2.524110118562412630e-01
-2.851116949698970227e-01
-2.956479889173047604e-01
1.198480211121580874e-01
-2.378557818977250493e-01
-8.542026291632565105e-02
1.636068421380216797e-01
-1.440379464990458047e-01
3.275433299741740134e-01
2.532049342785589463e-01
1.906579805450697718e-02
3.245778127383398548e-01
-1.845496377686859923e-01
-2.397540762562115069e-01
-1.773443231643174189e-01
2.590156444662262691e-01
1.997150175059532184e-01
-2.502367280032378183e-01
7.201003299455749351e-02
-1.015954999900513522e-01
8.331140351857130311e-02
-2.298542697792007594e-01
1.642152677266379701e-01
2.877284901680019491e-01
1.106056049179982015e-02
3.345548061136881524e-01
-2.677741829736430823e-01
-1.657479666020420239e-01
-2.478050825487461695e-01
-3.352340170963630794e-01
-1.033098074087688834e-01
-3.118802492861586506e-01
-1.028797159008695006e-01
1.733231070349258163e-01
7.847065089336802135e-02
8.409519696796330379e-02
-9.972355985902275899e-02
6.271933707046467577e-02
-1.359960721818813667e-01
-3.345555159647080612e-01
-2.082984942299992148e-01
-2.715262140341578867e-01
-9.168838705948867407e-02
1.104861738961572248e-01
-2.919267110556660882e-01
5.783477687102733800e-02
1.125070573982696609e-01
2.119038376850558292e-01
2.772522900124820833e-01
1.598244736642173147e-01
-1.992847859425445067e-02
-2.978404094014529546e-01
1.422690036654271073e-01
2.250232147607328370e-02
-1.154362505644795922e-01
-2.369486094232131634e-02
-2.038086231287706829e-01
9.594135380590229634e-02
-3.243627510275358117e-01
2.127677770291737103e-01
-1.962792148215406485e-01
1.556147115844553896e-01
1.006188172418041593e-01
-1.907042703569274689e-01
2.993158079583045916e-01
-1.075017304576719734e-02
-3.026369311920031335e-01
2.650002742652207699e-01
-2.681915397111707122e-01
2.881867888461950855e-01
1.489262154553352424e-01
-2.776778308532051320e-01
-8.172306877014551274e-02
-1.755159217771067315e-01
3.294153182279563330e-02
-1.115096367160761381e-01
-2.344081041306439461e-02
2.021842011819779961e-02
1.322144842183708979e-02
2.607185246724152972e-02
1.476872228580106139e-01
2.616342224195317145e-02
-3.607997478796254320e-02
-4.807983044122232652e-02
-1.383912554429632402e-01
2.946302973075580756e-01
2.891607956156471149e-01
-1.202042831431704428e-02
-8.113209156577677605e-02
8.981126989835447327e-02
2.290068754773443294e-01
2.820205256631034274e-01
2.148968746200575763e-01
-2.179974610341368357e-01
-1.561895346075272972e-01
-2.002429319093669835e-01
-2.176113608856800608e-01
1.780432980026414036e-02
5.736150967882824858e-02
-1.157214230973367397e-01
-2.886239767461883932e-01
-2.798044461528306215e-01
-1.531831254237011886e-01
1.586262088511329327e-01
7.327409724417910386e-02
-2.921985567303446163e-01
3.132010178526906108e-02
-2.680288986526794814e-01
-1.020120715139412049e-01
-2.903102070767515919e-01
-1.882834603108335669e-01
2.427761353304406233e-01
-1.458001496452017154e-01
-2.173892254388671286e-01
-2.841379389279126144e-01
-2.085468581167285174e-01
2.625618473561348587e-01
2.986671812217145394e-01
2.273941266996396537e-01
3.353663325454239175e-01
-1.375686485637523104e-01
-1.888327152692192146e-01
8.569864247370834187e-02
1.195035866113476897e-01
3.186022104916563791e-01
3.055249624501344963e-01
1.652691215959897209e-01
1.290074179536527810e-01
-2.506350202628340185e-01
-1.964320448065735858e-01
-2.394058037590074961e-01
-7.670334358628444482e-02
2.583081949428025492e-01
-1.108025316122864534e-01
2.204442028613671223e-01
3.204715381689656750e-01
1.625963128964026394e-01
5.340655691217438550e-02
-3.385644577836910418e-01
-1.296214789526803912e-01
-3.150783224237270197e-01
-2.607616511831795103e-02
1.740677678657369665e-01
1.265549060923909508e-03
-1.617992657259127443e-01
1.482674363687080943e-01
2.561598987214499523e-01
1.159100031360174587e-01
6.837311647069121978e-02
2.964844956993841762e-01
2.511824942962892493e-01
-1.538843794560396661e-01
-2.368014724612566013e-02
-2.176077184440806944e-01
5.096605544403265409e-02
2.023560813821531079e-01
2.077508778912819931e-01
9.853516114420435290e-02
3.168120888394967416e-01
-2.357612277126318601e-01
-4.245559608790222539e-02
-1.193745060679604064e-01
-2.534326720600666993e-01
-8.232310710397933162e-02
4.304899800300104884e-02
9.557639775218357281e-02
1.893757903383289642e-01
1.764052474601823794e-01
-2.366740237526729629e-01
-3.090714171757268924e-01
-3.568002463568120675e-02
-6.912496414385371768e-02
5.951064673314654385e-02
-1.277173103757723582e-01
9.970553723500696908e-03
1.729462781310779906e-01
-9.087005920401269865e-02
1.724387365311350617e-01
-9.804239983382814771e-02
2.910364013342244816e-01
-1.472934720065274261e-01
2.874516341823533105e-01
2.749835381393893607e-01
-2.507148572631209271e-01
2.748954858168390913e-01
-5.269198704067040717e-02
6.875580714151885431e-02
8.429988621005407579e-02
-2.513512894032821077e-02
-5.427308964452981499e-02
1.034327675973487071e-01
-2.177527334485974131e-01
7.913005404989159608e-02
-1.567671276470363473e-01
-1.585222509150618353e-01
-2.909920043884930418e-01
-2.483463236535614349e-01
2.474282108735410546e-01
1.292203471694923222e-01
-3.007884702267075716e-01
-2.150193502975669690e-01
3.011818751657324711e-02
-2.067463159072883971e-01
-1.030901733054984948e-01
3.600933510122888981e-02
-2.987105795032256594e-01
-1.750270800679233629e-01
2.366384971970936224e-01
-2.941680785634518958e-01
1.156209352825412484e-01
6.405821854923782199e-02
-2.006660397753590175e-01
-3.023733471943026441e-01
2.166647041995930500e-01
-2.603610636648753807e-01
-1.082455209006843999e-02
-9.397953542621018119e-03
2.507038557757831354e-01
-1.264158261975593944e-01
5.527054695099398174e-02
-1.982532717795109645e-01
-1.849906015100390710e-01
-2.366479772336265719e-01
1.948479049150049214e-01
9.518405064606044741e-02
9.445680702659076111e-02
2.080049033466201402e-01
-7.046494554719023862e-02
-2.950262632156933629e-01
-2.087511431044575261e-02
1.470472354776158341e-01
3.325579107949699909e-02
2.748158295014723196e-01
1.850626194458200313e-01
1.286880987970043244e-01
1.237464620112309066e-01
1.840484917037793489e-02
-1.126421453495558278e-01
-1.329444254311396845e-01
-2.361688775130123541e-01
1.774575964154356811e-02
3.069336389293317868e-01
-4.922561857179330591e-02
-3.039632082579460937e-01
1.660103145926909995e-01
-3.253932688506000481e-02
1.344192673433480811e-01
-2.253897145741090846e-01
-2.146595814966189286e-01
-1.926039486970832215e-01
-7.774836965977210967e-02
-1.585467256752589316e-01
-1.039124539387062951e-01
-2.573286706587792350e-01
2.971398832618176167e-01
-1.972221829687958172e-01
-1.176171606198438968e-01
-9.486870636543578983e-02
-8.482798102361904791e-02
-2.659818950334376098e-01
2.133647701940705188e-01
-5.567002077389476833e-02
-2.999610603659222385e-01
1.151679716630067407e-01
1.804208742526423048e-01
2.969395906685403652e-01
4.057474612017269999e-02
8.079263965431637828e-02
2.193205057212129772e-01
2.396810584910039621e-01
-1.367796216229184014e-01
-1.556824916692703398e-01
3.368063253259065970e-01
-4.767366586133636730e-02
-5.954415027904591540e-02
2.628376851231803979e-01
1.726774245855622336e-01
2.685429974024845512e-01
6.515285597085002101e-02
3.081782438066177354e-01
3.183797119984228541e-01
-1.904207093090884428e-01
1.377004594074402455e-01
-3.332962292039258201e-01
2.212575842142626703e-01
-2.875634107568204034e-01
3.133412282381794478e-01
3.069114372528166657e-01
-2.772136229667239160e-01
2.727320643909011411e-01
2.225397051303776852e-01
-1.665650511418610702e-01
2.555751559757990510e-01
-1.360357328537183663e-01
-1.236553963565788505e-01
9.687341593036352672e-02
-1.046818852389864440e-01
2.046160092869284686e-01
2.740349531347329171e-01
-3.335448146202504849e-01
-2.122762907572773305e-01
3.683135795885134067e-02
-3.177496924110105314e-01
3.344977120297082385e-02
-3.263827052361502612e-01
1.622855308241738514e-01
1.439016003985809089e-01
-1.251185688930252227e-01
2.093526877745675030e-01
-2.840138541462229327e-01
3.036347426452142839e-01
5.113483176041966338e-02
2.466984557144555890e-01
-1.633225668583669909e-01
1.847604215112573778e-01
1.008604943209926441e-01
3.227205428398807197e-01
-9.276606717662544410e-02
3.818039569239167763e-02
-7.064794586170392021e-02
-2.852989961960168408e-01
-6.531106748787524063e-02
3.083687964488783795e-01
1.579671784961407255e-01
-7.093106436101964674e-02
1.894596216905010122e-01
-3.249883761205105692e-01
5.373733157813065375e-02
-2.010466964879734642e-01
-2.834851574133661067e-01
1.365247367037721871e-01
2.130449180168462187e-01
-2.405374960048891619e-01
-1.002395789381697322e-01
-1.792587886927288210e-02
2.559735001664338316e-01
-1.778223619243879394e-01
-3.368383857255639602e-01
3.163838593709759062e-01
-9.552730803092956968e-02
1.498315207682676675e-01
6.190405934059617366e-02
-2.395208332036748988e-01
-1.376561143614940530e-01
9.170908890314516393e-02
2.043403864701688333e-01
-2.469388627214694765e-01
-1.276178313576070700e-03
-2.339696532039203802e-01
1.974653001683573939e-01
-2.919124370924408574e-01
-2.712409086135835756e-01
3.024276629775006775e-01
1.924022368802241756e-01
5.278818861709794197e-02
-1.276081050334405831e-01
-4.933904954212964267e-02
-6.655573755033783456e-03
2.928662845711279550e-01
8.122790801208151779e-02
3.270832213854675263e-01
-8.985465341406687068e-02
1.538153778316689868e-01
-1.940139582928490647e-02
1.630195786522065093e-01
4.336176745715697445e-02
-5.232466948724528999e-02
-4.442070847056889260e-03
1.245116060801898517e-01
-2.669816221309392890e-01
1.426348165537871249e-01
2.422793466202666224e-03
2.397716588173824936e-01
2.390478263850470686e-01
3.334899626880027945e-01
-3.253544422895718324e-01
-1.069048689906982597e-01
-1.943175953351594654e-02
1.999095359468189281e-01
2.824492510077051266e-01
-2.693665180624415512e-01
2.882786622546718025e-01
-1.918652731413659773e-01
1.887491542562932390e-01
-2.091439660612552098e-01
1.424957659512909869e-02
-1.167063272840426491e-01
1.722489403577361911e-01
-1.961442912244319436e-01
1.152958810004375279e-01
6.503990948629190250e-04
1.239529821570407586e-01
-3.228331861090411037e-02
-2.840979785101871435e-02
2.834841108928440878e-01
3.068241007258274422e-01
-1.415497766625608000e-01
-1.798474168150367980e-01
-1.068379048439841716e-01
-4.036597539456410200e-02
-2.788571893624313680e-01
2.545709410551959540e-01
2.690048900694314016e-02
-2.005716320144578790e-01
2.159924870661078522e-03
8.346358624455341157e-02
2.312078947912219462e-01
-2.433785943466841017e-01
-3.353269043797493798e-01
2.851228890130690363e-01
-3.363563751467574803e-01
-2.091085294297531927e-01
8.802879669949326136e-02
-1.737728835900197166e-01
-2.711755127900661311e-01
-3.031082655545165316e-01
-2.628755456890600195e-01
-1.897607860330797480e-01
9.522994092053121973e-02
-1.942841073141622910e-01
6.280519187903860212e-02
-1.759601063118163278e-01
2.693138791620899308e-01
1.261872514982771976e-01
-1.342929920819181389e-01
-1.893693094171907676e-01
-1.621564837960092764e-01
-2.797352600716794813e-01
2.447467752186230916e-01
-2.712449108712823298e-01
-1.828946062219126145e-01
-3.377673524001224559e-01
-2.221778726034852602e-01
2.007049420413785645e-01
-1.754865954041462672e-01
1.084031481014223197e-01
-2.010538195233972647e-01
-3.200281870412319818e-01
-4.284431120061515941e-02
2.817823157725886096e-01
3.201993194375797325e-01
-3.993653217202014494e-02
3.433151483300772577e-02
-3.029656996746705189e-01
-1.836736725134461290e-01
2.223636241602816588e-01
1.214659645051895387e-01
-7.326002319163138488e-02
2.872328527122798292e-01
-2.017631110133226435e-01
-4.036311667599501440e-02
8.086512188798800072e-03
3.353284217329030037e-01
-1.191626765737829885e-02
-3.391766725671508942e-01
1.841181455982692228e-01
1.941709120637525876e-01
5.551906620920771251e-02
1.998861062472707673e-01
2.403361992234962496e-01
2.214379160216550790e-03
3.275106226119096631e-01
1.226213457891160430e-01
3.436264975528130483e-02
4.728191032356887646e-02
1.464767081085096012e-01
6.318634334800260488e-02
2.477374207033133935e-01
-2.387909930391518554e-02
3.001857216979436638e-01
2.646361898360870546e-01
2.857719876688451510e-01
1.415313634445029001e-01
-1.498897767239604217e-03
1.389169625959436050e-01
1.769499435444190638e-01
-1.461324219562035176e-01
-1.880444127234809359e-01
-3.902995488849148042e-03
-5.180096324938965324e-02
3.091471088272346179e-01
-6.010307187733809897e-02
-2.040241905656647869e-01
-1.684438923579393288e-01
2.304240442699255764e-01
-2.659818119987547025e-01
3.051744003777413505e-01
3.179177485425286331e-01
1.172532850601665233e-02
-2.135149061564958206e-01
-1.934211283684691973e-01
3.122837336728577773e-01
4.846600611132478864e-02
-2.717806965007257824e-01
2.932216820467525853e-01
-8.961810749006093868e-03
1.737181352725161165e-01
-2.884802704268849549e-01
1.441959296172812266e-01
-1.693615709037033790e-01
1.156821315983738163e-01
1.644531831381760290e-01
-7.433554116649787602e-02
-4.591152961062883175e-03
-2.644651416358112517e-01
1.883633214535670453e-01
1.542756913008934139e-01
-2.820640648311687482e-01
-1.896500906265084496e-01
-7.904451927279648737e-02
-3.114510685273330637e-01
-1.128502813105791425e-01
2.859672510961925873e-01
2.707071451112834648e-01
-3.222228480159350372e-03
2.236732831341040617e-01
6.890716013839842669e-02
8.088247219305494395e-02
3.108138956873921499e-01
3.353564091684146931e-01
1.239847442536746169e-01
-2.439405409021840332e-01
-1.461810655139487436e-01
-2.198264060020769239e-01
-7.837687474753773920e-03
1.421364983493847989e-01
-1.960513977220365023e-01
0.000000000000000000e+00
0.000000000000000000e+00
0.000000000000000000e+00
0.000000000000000000e+00
0.000000000000000000e+00
0.000000000000000000e+00
0.000000000000000000e+00
0.000000000000000000e+00
0.000000000000000000e+00
0.000000000000000000e+00
0.000000000000000000e+00
0.000000000000000000e+00
0.000000000000000000e+00
0.000000000000000000e+00
0.000000000000000000e+00
0.000000000000000000e+00
0.000000000000000000e+00
0.000000000000000000e+00
0.000000000000000000e+00
0.000000000000000000e+00
0.000000000000000000e+00
0.000000000000000000e+00
0.000000000000000000e+00
0.000000000000000000e+00
0.000000000000000000e+00
0.000000000000000000e+00
0.000000000000000000e+00
0.000000000000000000e+00
0.000000000000000000e+00
0.000000000000000000e+00
0.000000000000000000e+00
0.000000000000000000e+00
-1.772079962556723509e-01
2.591452706818778151e-01
2.624604122636396419e-01
1.430446516729477757e-01
-1.337869832888234078e-01
-6.404814141259873583e-03
3.203572315626812550e-02
1.668649355721309457e-01
-3.002034791739014996e-01
-3.707964503399630019e-02
-6.465439948812046200e-02
-1.682389971871202372e-01
-1.587841103962750189e-01
2.394903708112661733e-01
1.217568632317657107e-01
-2.739800030836601619e-01
1.451877715497869592e-01
-2.552378320794213007e-02
1.733471212069560563e-01
-1.757591440118716486e-01
9.422512439383096128e-02
-5.953528958865225706e-02
-2.970652050607248129e-01
-1.986340631054925310e-01
4.080472721765648902e-02
-4.659610590261725749e-02
8.830636768294986005e-04
-3.833480757676088757e-02
-2.073538275615846305e-01
-2.126158013982943351e-01
3.018910836610963488e-01
-1.511415388469789511e-01
-2.696283476731148876e-01
-1.300002562266832362e-01
-8.396720992088313462e-02
5.923535377277761027e-02
2.149221593840069944e-01
4.264670203589981945e-02
1.893878296258533211e-01
1.865723733794459882e-01
-1.706160391209531058e-01
-3.058932655781010923e-01
3.776008412830539340e-02
8.853321745571451906e-02
1.749399858158369736e-01
1.446507576987546284e-01
-1.356097089399476707e-01
-1.980438907378155311e-01
7.938493986100608746e-02
-2.243476082406851424e-01
2.026599241726613765e-01
2.847716857154544701e-01
-1.608853623094428364e-01
2.297344376458161919e-01
2.727891430110457871e-01
1.664244797712352564e-01
1.655722244936014276e-02
-1.676376779808713968e-01
-5.143967015571482282e-02
-1.654209154470168974e-01
1.962622606944284809e-01
-1.961835140940579036e-01
-7.557569320966378568e-02
-2.143615137725013442e-01
-7.793055814040106277e-02
1.968099279905288213e-01
-4.794432971115591968e-03
-2.406443048530774176e-01
1.550777284824889080e-03
4.860980371643464082e-02
7.018450503316558953e-02
-2.959849086763276516e-01
-1.748618876459255289e-01
1.167415441914856911e-01
7.906330935427491324e-02
-2.003857927987938992e-01
1.081352282599783998e-01
1.693906069931211400e-01
5.211379850141195647e-02
2.065584378621486139e-01
-1.140728839699266806e-01
2.018586867866826728e-01
-2.432458686212209953e-01
-1.595094433680296908e-01
1.655376836759103742e-01
1.759832429594182512e-02
1.466878771585735652e-01
-1.965584078657150457e-01
-1.579396559561059565e-01
-3.011399744277424295e-01
-1.275026351259561097e-01
1.279293137852876572e-01
1.258175390175221287e-01
-1.688580863046239278e-01
-1.643369300932489563e-01
2.211459694796269471e-02
6.063484651659506453e-02
-2.629813234718018089e-01
8.279956124229181924e-02
-1.014152631257626003e-01
2.436156122190306639e-01
9.880871877414021398e-02
-1.663877483699301441e-01
-1.941736327805927420e-01
-1.496894853346364407e-03
1.558359972166989404e-02
-2.682673607846186581e-03
9.562155968620400515e-02
-4.662295354784418144e-02
-1.667050164845592930e-01
1.566018619276223767e-01
4.192882289471749901e-02
1.907536624111249579e-01
-3.278706258746905133e-02
7.141377730100456622e-02
-1.352073841162474976e-01
-2.143555631581275378e-01
1.800659838032194204e-01
3.326454204632300904e-02
-4.267103627199170246e-02
1.496724087026252148e-01
5.158792472558254572e-02
1.978142684880543345e-01
-1.303603647388077713e-01
-2.295612847945664725e-01
9.600626928337907540e-02
1.022191936467438667e-01
2.156409202735019570e-01
4.099461964806949688e-02
2.786445510563473893e-01
-2.096763199730853899e-01
1.783123126481972465e-01
2.021272867310343613e-01
1.264794276737559175e-01
-1.892021152732811240e-01
1.473037971661581014e-01
1.506234022407796913e-01
2.648089917398988580e-01
1.980408332593932008e-01
-2.493514523217661150e-01
-1.682173507080252095e-01
4.809635930805628012e-02
9.512826435017207594e-02
1.651538767832723686e-01
-1.509807788665402106e-01
2.955288332693858933e-01
-1.200395480367657530e-01
2.944279839004661503e-01
-1.260408818334055880e-01
4.534390128369680806e-02
2.323399216733275652e-01
-1.632526266503811774e-01
-2.319656328372768084e-01
-4.377087730028789148e-02
-2.349574154380369984e-01
-9.336362827174218837e-02
-1.122878558436603558e-01
-3.219739849583624913e-03
-1.255251804294543749e-02
-3.041332596715577985e-01
2.732995603192276968e-01
-2.125158734519044801e-01
2.839347478022102855e-02
2.023478871981413962e-01
3.413351818383825176e-02
-2.653743269823817807e-01
-1.261690632035607773e-01
-6.754928522480604935e-02
3.053644840990132336e-01
2.796835633005741450e-01
1.741624070047057549e-01
-1.855122707808411486e-01
6.961461648371114475e-02
2.083330263950165517e-01
3.061359062562124533e-02
5.419929913974735891e-02
-1.378245309199338242e-01
4.265600888898735121e-02
-2.706448528707307011e-01
-2.620254521815916227e-01
-2.355985128163951559e-01
2.716674524349263486e-01
-1.400878632153760850e-01
-1.027096173138557778e-01
1.303980088088462774e-01
-1.263123990660891816e-01
-2.328285717713612923e-01
-1.791631126580794375e-01
1.589171050048019951e-01
-4.493774390803584318e-02
-1.623045114852698090e-01
-1.679104048357997758e-01
1.427440943377196181e-01
-3.573460769692637928e-02
2.146173367015138944e-01
-6.008225422407864613e-02
2.934189889714393096e-01
2.861819549770185378e-01
-2.352643751989340615e-01
9.963767160042547033e-02
-7.871795557176686220e-02
2.514050005377655439e-01
2.804003328293803166e-01
-2.450544487749688471e-01
6.411877961683132288e-03
-2.144440942357562219e-01
-1.443432713139446710e-01
4.949158789545760051e-02
-1.991221631589705776e-01
-1.191297677059722504e-01
-7.549609985849292659e-02
-1.543297915903440454e-01
-2.155290989252968692e-01
-9.639017041559178045e-02
-1.866008403427358298e-01
-2.454318983740313154e-01
-2.330074067302649321e-01
-1.811139719795118452e-02
1.828590013767902311e-01
1.432335795926825139e-01
-2.359011406117907383e-01
1.910318604090093797e-01
-6.487943752816546783e-02
-1.889484632931575370e-01
1.588399269902504574e-01
9.694782811484320417e-02
2.784718824996347819e-01
1.412487732042629340e-01
1.548418142682208565e-01
-1.502942483146496033e-01
-1.631507833185387446e-01
-3.022952728529076927e-02
2.505858433419668185e-01
-5.343459558228058626e-02
7.938132653263257899e-02
2.712311402159279239e-01
2.909758539523287779e-01
8.261969734505930640e-02
5.521039792656434742e-02
8.285012932443475142e-02
2.973213482062207480e-01
-2.282833176609082304e-01
-8.692026427677393419e-02
7.394864330998296431e-02
-2.792700514377278731e-01
-2.231047538493217408e-01
2.229147335563345655e-01
1.861072493821219753e-02
-1.639190933363773306e-01
-2.513213627356128965e-01
3.095057984606131019e-03
3.415794042858688595e-03
-5.810713191967892266e-02
2.667125373162813617e-01
2.145015416393650232e-01
1.139306588505095141e-01
7.842967833487002327e-02
-2.920887202040520769e-01
1.443908495082382171e-01
-2.233012689552549834e-01
9.346072169625846415e-02
9.340869971590221033e-02
9.443899787106002641e-02
-6.844033270979732464e-02
1.336875992680164882e-01
-6.737212336426476322e-02
-1.911390153299236117e-01
9.253548487443785664e-02
-2.767362473117739863e-01
2.106027459939260882e-01
1.227355635780844056e-01
1.973651348013433227e-02
-2.380330511790750836e-01
2.215430604038717832e-01
-2.103058997879606318e-01
-7.670867833482519771e-02
-2.355582751789309093e-01
6.276789231542367897e-02
-1.610568875266968070e-01
-2.352598547582291366e-01
-1.321099322296564460e-01
8.069491711757253993e-02
2.604664207143070898e-01
1.723951937028814774e-01
-4.491999001632179800e-02
-8.899577631447533332e-02
2.586635557319242884e-01
-2.162348248943245510e-01
5.766557368072999790e-02
1.440784927832341467e-01
-5.562127246450027096e-02
1.640820726559510945e-02
1.203670108305039399e-01
1.401182505780824150e-01
2.779201836200108633e-01
-1.775316886837384756e-01
-9.006046612141282992e-02
-5.912682046216244380e-02
-2.065704984235213759e-01
2.214843796211206084e-01
-2.843680089293275093e-01
-2.458058977525874045e-01
-7.310254158447451744e-02
2.446267372859642353e-01
-1.182914437374784911e-01
2.542059645190148376e-01
1.611409410351510307e-01
-1.011195133963055104e-01
-1.233635870903049270e-02
2.726297289615527419e-01
-1.820251777504602042e-01
-2.573506734188809597e-01
-7.846475154756465953e-02
-2.983728268108722936e-01
1.696342165880093678e-01
-1.537942480211507701e-01
-1.481917582637075070e-01
2.684147837447363183e-01
-2.012653675371140483e-01
2.625610263670649647e-01
7.355615258782527421e-02
2.318655624850207153e-01
-7.116192812156424408e-02
-2.649910350055614816e-01
-1.473941162108051706e-01
1.915085928986107189e-01
7.834705503688810246e-03
-4.057099251488721636e-02
1.923817357130508943e-01
-2.980800895398033612e-02
5.741148944181700964e-02
8.816730300731245862e-02
1.898163797455272861e-01
1.382726922136625070e-01
3.265042420247077359e-02
9.071604503301061717e-02
2.047777767742617328e-01
-1.479789359057563647e-01
2.759862093127167237e-01
-2.092654955661515936e-02
2.537030451264776221e-01
9.576903512532169982e-02
-2.642282300272660311e-01
-1.596269928587017717e-01
3.378874464342429551e-03
1.218361552426281413e-01
2.501804256612400468e-01
6.754165704754028221e-02
2.242865513747611117e-01
1.679036085598439865e-01
2.574001179375177695e-01
-1.263844421415512009e-01
2.731522260623436282e-01
1.555716078140795267e-02
-2.564054602170900976e-01
3.005377337649223213e-02
-2.789601061203099142e-01
9.148949440979586845e-02
2.144862929104648930e-01
-2.774504858217224923e-02
-6.811603444276559394e-03
2.970292998273526552e-01
-2.314728451254760011e-01
1.424998895065027749e-01
-1.371244933196860138e-01
-9.305378007591888490e-02
1.265430342512597894e-01
-2.936456901974282552e-01
-1.383459351170377716e-01
1.542411287764202665e-01
6.886912830414743114e-02
-2.818791712206258904e-02
1.797985724828162213e-01
-1.803619706333878248e-01
6.721807260892281866e-02
-2.332996283933798098e-01
-6.003868192408079452e-02
1.403508574624487970e-01
-3.077941000715689324e-02
-2.189734013612115726e-02
-2.944676307287312222e-01
-2.719517046773433644e-01
-8.277175222234484098e-02
-2.521354408608036946e-01
6.408402535192547766e-02
1.541332430340413562e-01
-1.192811134041243115e-01
2.003278130622593300e-02
-2.198535579853169164e-01
2.305965955919433985e-01
2.907116863146227970e-01
-2.170997919534956022e-02
-1.497780639053520046e-01
2.037927496582669917e-02
-2.228818708710322838e-01
-3.040956740520425194e-01
-2.924383862320545924e-01
6.520720734138862884e-02
3.034031412021354068e-02
-1.716835054096282898e-01
2.664816670271415444e-01
-2.113706451390003349e-01
-1.607368458805769895e-01
3.785875929804433104e-02
-2.553902114369042686e-01
-8.742112242923361087e-02
-2.562198150295535992e-02
-1.421241228353032349e-01
2.463429108244024612e-01
2.019445079977870150e-01
9.658945587074369010e-02
2.676849194804089005e-01
1.976610409795021006e-03
2.530260042871931847e-01
2.405748775191816624e-01
-5.747940455686134653e-02
-8.321524700204577241e-02
-8.143937809185153309e-02
1.627680868031799455e-01
-2.305625258451798332e-01
2.578165405676042243e-01
2.927170380016935192e-01
-4.606681721783034700e-02
-2.556817296536990081e-01
2.483990670089436525e-02
-2.153521705461989844e-01
-5.768733562224201417e-02
-3.345249158992785743e-02
-6.890645316478577476e-02
-1.954665609183742214e-02
7.786222800025921487e-02
-7.915900477906873123e-02
-1.135447797635584788e-01
-1.741820625519080457e-02
-1.123553843730106250e-01
-1.664369368153723050e-02
-1.400051620381437545e-01
2.508800938495992505e-01
9.263022116201308220e-02
2.508371016115631957e-01
1.763832528986098436e-01
-1.670829641335441762e-02
-2.651300388837054545e-01
-2.358843294586249750e-01
-3.185826487976500809e-02
7.896414711456367641e-02
1.890149441598414914e-01
-1.977523947380238623e-02
-2.523821464746639487e-01
4.849740291950066506e-02
-4.886135248421252797e-02
-1.312896212584894196e-01
-1.695442993919790142e-01
2.225214184903451797e-01
-9.155654378152058848e-02
-2.824809486548719994e-01
-9.233603279953367382e-02
-2.741740353311060696e-01
-9.852997821220588204e-02
-5.505910959843007824e-02
1.359090890070456803e-01
8.588878710636316249e-02
-2.568663353083791012e-01
2.959628926253539682e-01
-2.245843358920771027e-01
2.747350843125420661e-01
2.342978385034132915e-01
-9.690197032356898110e-02
2.806736043450364648e-01
2.105419098415361456e-01
-1.971877464795254165e-01
2.092711427118336132e-01
-8.488302079623696872e-02
8.303196866549444888e-02
-1.013048122904461612e-01
2.928020571879826339e-01
4.103551226329027468e-02
-1.985228639096999204e-01
-1.394861809314578427e-01
2.641462885442172337e-01
-9.898067213709157985e-02
-2.186516890149672876e-01
4.094780132028202901e-02
5.969560141726421021e-02
9.086518311901231604e-02
6.284741038123403678e-02
1.235154229990614305e-01
-1.431436320034117915e-01
5.228650594234007798e-02
4.045852835469970765e-02
-6.980276891973252740e-02
-1.240024477532513936e-01
-2.408982584574161367e-01
2.100198834885119159e-01
-3.727120232333563932e-02
2.242356006305895599e-02
2.732423600985758871e-01
-1.751523490150179441e-01
9.781131644668988878e-02
-1.290344151315680754e-01
-6.805354203768429477e-02
-1.693369398117658131e-01
5.364787786764968480e-03
3.815849743998900312e-02
1.131861176661397295e-01
-9.986909320361112008e-02
3.622305212491655491e-02
1.944678854743726037e-01
1.641944473185495412e-01
3.685928824277595606e-03
-1.543783127338233252e-01
-1.449766601752711104e-02
-2.212674377733285791e-01
6.604312594901406985e-02
1.883756215389568722e-01
-1.854221883217041789e-01
-9.882973647293757935e-02
3.261902352808399019e-02
-1.946847742496350397e-01
-2.904956400319576026e-01
1.961008002386688265e-02
-3.363293562534630521e-02
2.086676034055190421e-02
8.418715816192356982e-03
2.577241682849688575e-01
-1.614122441060863999e-01
-1.897152269464573993e-01
-1.272099610833687389e-01
-1.928032344631029071e-01
-8.788085774853754417e-02
-2.339962486379743023e-03
2.414252590938256726e-01
2.345105405674025589e-01
-2.747539252293396683e-01
1.959489902497322800e-01
1.964266154254455388e-01
7.834388581055656831e-02
1.750638261783922234e-01
-3.696115423617984952e-02
2.567271959491205791e-01
1.240576548145745361e-01
1.378132701776917934e-01
2.963376894677045015e-01
1.560183775168032527e-01
-3.012617068665329190e-01
1.854688078805625806e-01
3.040104409780226002e-01
-2.722296560910998364e-01
3.244113334606280041e-02
-4.982638743550249494e-02
3.775447677669874214e-02
2.679621872907050339e-01
8.498246946344145680e-02
-3.517375555099278017e-02
1.190382884512031225e-02
-3.755516268719555351e-02
1.781630961819875569e-01
2.541473855537972892e-01
2.271010042801320794e-01
-2.977785148241274271e-01
-2.527467745858348325e-01
-2.245205034960127688e-01
5.972707613353783751e-02
-1.339124420677123284e-01
2.212998615158599525e-01
-2.218468525799175139e-01
-2.346015574619846888e-01
2.543906463508470162e-01
-2.624439962845097618e-01
-2.877333314748931059e-03
3.700215317254856862e-02
2.461152468436217933e-01
-2.248319133120169067e-01
-1.059437780720269007e-01
-2.747257277366155770e-01
-1.431743356316457494e-01
3.580050220928893134e-02
2.638916234654725690e-02
1.604103587178590806e-01
1.634628949734563408e-01
1.263050352846393776e-01
-6.271845675483858629e-02
-2.937338350222882810e-01
-1.900374137943252606e-01
-9.495350987941786336e-02
2.296133531172553366e-01
-9.958765536589567202e-02
-1.965789874875185639e-01
1.083334943702070063e-01
-2.362593635554086080e-01
-7.482024549228386001e-02
4.356910864250823634e-02
-3.753701726807079364e-02
-2.707447114084389206e-01
-2.049287642054920533e-01
1.646201002105812661e-02
-9.587331048550531976e-02
1.615628073948055521e-02
-9.705330242518614425e-02
7.055518089145301763e-02
8.183858927360759816e-02
-2.187590701358152201e-01
-2.034876833475755820e-01
4.372592770504374338e-02
1.653924415610630860e-01
6.853602802411207229e-02
-6.168246998913523571e-02
-1.482677867591890020e-01
1.371350391141205605e-01
-2.007359253399994548e-01
-4.224900504158368708e-02
-3.171709648448262087e-03
-2.831797466912287509e-01
-2.252424163305982718e-01
1.198466551620538389e-01
5.858532723125681185e-02
-1.526083898994555765e-01
-1.317073004291922644e-01
2.588809811027134589e-01
-7.418682801426496054e-02
1.383669344983807226e-01
-1.620918323487999524e-01
-6.390385177388968607e-02
-2.594931983590752500e-01
2.425331513557902885e-01
1.711369446184101695e-01
-1.867148809766046025e-01
-1.103963682091833876e-01
-1.069351765520110131e-02
1.746899535516028834e-01
2.196443968434614313e-01
-1.119494730728870791e-01
2.892564568778620004e-01
2.521793953767164642e-01
-2.730321688452541640e-01
-1.117098756105699142e-01
-1.830763810128588909e-01
-1.181952442101940337e-01
-1.713159108580420142e-01
2.688159440501831088e-01
-2.378423478665620538e-01
1.511016922113794236e-01
1.007235771665909163e-01
1.406238954522800455e-01
9.439018134399784765e-02
-6.984409254879464513e-02
-4.749690704749776060e-02
-1.523040383173759060e-01
2.737719541418868752e-01
-2.971377200928810858e-01
2.740316731546945106e-01
-1.371479032338206172e-01
1.674742689832557918e-01
8.751098593864026221e-02
-2.350232835410944188e-01
-1.614428380088406834e-01
2.207129734335270821e-01
1.242118078711101914e-01
1.472022596454855559e-01
2.974440013679351957e-01
2.179798801359977833e-02
-2.633297689710673017e-01
1.288410062601299533e-01
-2.137638617758928494e-01
1.275342993850878681e-01
-1.516289338507128548e-01
-2.230982588486384866e-01
4.618536843986581486e-02
1.476716371769476455e-02
-1.120422867568707237e-01
-2.214668429101042113e-01
8.120051677543993485e-02
3.564987156297677595e-02
-1.957528268917791969e-01
2.498416365354428348e-01
5.025622551188124731e-02
-1.014280816039597743e-02
9.999552301871122983e-02
-5.946013530729674090e-02
2.685192304590400814e-01
-2.341271442719050910e-01
-1.556951339190043027e-01
1.645299251824651754e-01
-2.228483237473174450e-01
-1.555066111588270239e-01
3.038931764871691255e-01
2.204870218362040002e-01
-5.174552543493432522e-02
-1.325218265617810753e-01
5.885517798665007572e-02
1.795714383211846066e-01
1.866574071248183753e-01
-8.719433536765802684e-02
6.998705751610462267e-02
-1.498931751010822433e-01
2.733439242936461233e-01
-3.048801313330223861e-02
-1.586762768616235553e-01
2.772484115452866216e-01
8.702928864515036000e-02
2.750429799289204058e-01
-1.227216749003784413e-02
2.815949900882496748e-01
8.534063587448409427e-02
-1.273643079780209519e-01
-1.815847899319097958e-01
-5.236818523057112928e-02
-2.831094175630239351e-01
-2.343258162128233346e-01
-9.043947931901055726e-02
-1.122323603182268092e-02
5.687894691851241857e-02
-1.902581644949317141e-01
-1.034235855704770946e-01
7.513127541550945754e-02
-1.506543406109661642e-01
-1.034582429815261717e-02
-2.915229314999587817e-01
-5.578687663112857908e-02
-1.933164388964127567e-01
5.685082615619879709e-02
1.703126657289343870e-01
-2.450208233348338815e-02
-2.805551134139555591e-01
1.192354729614972242e-01
-6.780127638750524377e-02
-1.892549839768450370e-01
-1.868997384425192809e-01
2.564599542355480710e-01
7.494251641635285566e-02
1.179799029162626467e-01
-1.578108084865698924e-01
2.008691388024785307e-01
-2.903869695174279286e-01
-2.576717640882827953e-01
1.962634209722345369e-01
-6.071248024175335267e-02
2.799380837012190315e-01
-1.751272492030186423e-01
-1.841028704621166523e-01
3.061583343397527579e-01
-2.262395174725292946e-01
1.929227305078367039e-01
1.886991115922386775e-01
7.767066016261769956e-02
-4.853260094157224591e-02
-3.009622195223770613e-01
-1.267326877322779155e-01
-2.405281289867235162e-01
-1.064917375562541846e-01
-5.940750518213838705e-02
-7.048696624587633131e-02
2.598234865351532474e-01
-2.950785824815862490e-01
2.893213054906233483e-01
-3.014552473617738149e-01
2.200672069778160655e-01
-1.745947626810825104e-01
1.272973220510434933e-01
3.967410771910423462e-02
3.040318338083617955e-01
-1.787608543137994277e-01
7.272365169867173185e-02
-8.357612876286110715e-02
-2.228284598924737403e-01
-7.632671042451247279e-02
-1.471065206715226337e-01
-2.903640267015890619e-01
1.324410387630105546e-01
1.323291011248172167e-01
1.965255734385725206e-01
-1.886236730175305798e-01
-2.634951817749574543e-01
-1.633914843636391501e-02
-1.975757434286008751e-01
2.370809387729290729e-01
2.426283817766197726e-01
6.680367437184608903e-02
-9.823022262762090562e-02
-1.891413644655485227e-01
-2.681282678017471999e-01
1.378049158305861832e-01
2.683311984165021591e-01
-2.687139139176454306e-01
1.756325441888815786e-01
1.573272346836555036e-01
1.671782192919320509e-01
1.343469248172314834e-01
-2.939084513537408849e-01
-2.799167841983656868e-01
-1.710469310898088957e-01
1.615279961547604892e-01
2.699443768131576937e-01
5.277976369090925379e-02
2.731891476569796029e-01
-3.227137225471593540e-02
3.029392906579962408e-01
-2.597263833666358379e-01
-1.901319113521514614e-01
7.174119331137479572e-02
-9.641235380258608711e-02
1.668170922391954969e-01
-1.425176729820972765e-01
-1.512532554172676680e-01
6.184896109820475774e-02
-1.347622018620047712e-01
-1.152732919257667410e-01
-1.469041901519060334e-01
2.955760733142465124e-02
4.036373659940140080e-02
2.412534008285688869e-01
2.731756524080584669e-01
-1.056100794491260375e-01
-2.835129392480191246e-01
2.511792973242049642e-02
2.012741192776620891e-01
1.889884833454064106e-01
2.319067504208726649e-01
1.100335599844470269e-01
-2.494727704471626228e-01
-7.089831519490163991e-03
-8.404713018262799373e-02
-5.471049799153693272e-02
2.752380581419485162e-01
-4.543182677730539520e-02
-1.613432575468738139e-01
-2.591132766735148030e-01
1.326553567891251006e-01
-3.033397192190433467e-01
-1.643431504044415847e-01
-5.326112274017258397e-02
2.764647671346673330e-01
7.731565204048468365e-02
-7.805545571845212693e-02
-2.345934900374691545e-01
-2.362036510981505855e-01
1.396302013138663312e-01
1.682760675185710486e-01
-1.083473918631888966e-01
-1.971009896940793538e-01
1.938220724299224984e-01
-8.183789488444948024e-02
2.013967353311770236e-01
-1.848219957761955967e-01
3.891893600714868562e-02
-1.409345753178803118e-01
1.677635507556895500e-01
-2.896032509009149880e-02
2.738581180348383382e-01
-6.591027092056428449e-02
-4.542603123985144986e-02
1.054744088747989195e-01
-1.289333075469538681e-01
2.672568549809669070e-01
-2.793967377226945770e-01
-3.341066531134440076e-02
6.837352609341657006e-02
2.854779968136541002e-01
4.310422204745312236e-02
4.585297335242471961e-02
9.951007930143240809e-02
8.768399946927235566e-02
-9.599933683620048841e-02
-1.120940477852412909e-01
1.964158237124304374e-01
2.020146759545993764e-01
2.675725953122822243e-01
-1.772215923142935190e-01
-2.913914473456497567e-01
2.446881976696512750e-01
-5.318815916058178273e-02
-5.713454572672371778e-02
-1.546612995775674126e-01
9.458856792062653174e-03
-1.050083667368916784e-01
-1.671934281763281238e-01
-2.925390894450985435e-03
-1.601170278673237635e-01
-1.511468526428575154e-01
9.115489796122239197e-02
1.698056761924470748e-01
2.343679643220669129e-01
1.594802737109045632e-01
-2.107894871989097474e-01
-1.921683870186478571e-01
-2.950781503491342606e-01
-1.581576938493070850e-01
-2.361997045033747689e-01
6.264743006021367133e-03
2.691254626351732848e-01
-1.046465657142220396e-02
-1.880940749464330985e-01
-8.247749028004133787e-02
-1.319021377049550414e-01
1.783759931347448369e-01
-9.986255665317181340e-02
2.985757425544791066e-01
-1.364524929190791547e-01
-3.011305826120002083e-01
2.506124757709557449e-01
1.933908382171189988e-01
1.161883535236045706e-01
1.986315243479241377e-01
2.978897673308384397e-01
1.731256367933365348e-01
-9.088862482796336573e-02
7.140274562685788862e-02
-2.068810044919111579e-02
-1.192398661961752704e-01
-3.300999358498335479e-02
-1.214102023353635373e-01
7.260111847918265804e-02
-7.442602283819635400e-02
-2.980183620711301939e-02
7.315527563971324643e-02
2.194951566574729340e-01
3.056415398014056817e-01
7.685936931533854377e-03
-1.558933224929003603e-01
2.157094784298598245e-01
1.751857247917786298e-01
-5.449664478783033950e-02
1.759709131819509054e-01
-2.526491116384369517e-01
-4.783625017439890881e-02
-2.584379170536692527e-01
-5.927357517974879419e-02
-2.815833305017260146e-01
-2.008585819450306453e-01
-4.504364719292142105e-02
-2.125367427299115208e-01
1.897889946365828862e-01
1.381389127211407053e-01
8.039406587200387255e-02
-7.634124866481376004e-02
-5.436500741488642374e-02
1.555159239007816718e-01
-1.170982940394009464e-01
2.681546756618312100e-01
1.771592769905666609e-01
-2.794954684979523152e-01
-3.660012160402570380e-03
-1.439383659926993797e-01
-6.672168074775353119e-02
-1.830916446598170877e-01
6.294907011708472666e-02
1.490360908489000713e-01
-2.646169927035249003e-01
-2.497304327822998937e-01
3.955015864782679413e-02
2.243732984381311968e-01
7.921151128304143585e-02
5.015321739173445037e-02
-1.437238573643375983e-01
-3.793324187070534759e-02
-4.968485322121773962e-02
2.263587395802467150e-01
-2.017129369670978001e-02
9.836018268571550260e-02
2.831154716500339785e-01
-2.661375585658792842e-02
-8.330295407704754740e-02
3.003281051610357522e-01
-1.151203885825956841e-01
8.950807764062984617e-03
1.647418181141041549e-02
1.619261675411898804e-01
-1.333788765795070330e-01
2.433144585905623880e-01
2.023229538543399042e-01
7.190261755410226607e-02
2.328261304446917479e-01
-1.555855921042184065e-01
-2.215831641283058095e-01
-8.909741497471435068e-02
-2.065504551471542272e-01
1.676118680382113202e-01
1.283753163394268371e-01
-3.036566840360782060e-01
-2.998459213430802461e-01
-1.632297492488872515e-01
1.383142535828176256e-01
-5.889620456887123545e-02
1.833265554972045019e-01
-2.584037197299362543e-01
-2.123338451084751666e-01
1.003736294469244617e-01
-1.341747031303139881e-01
2.181438764733409363e-01
-2.897768001221817658e-02
9.782556714933354769e-02
1.391807449252658868e-01
-4.058133991416656983e-02
-1.404184292964388847e-01
-6.835794989706930891e-02
4.870182885906854109e-02
-6.334252600647943821e-02
-3.025142308366424726e-01
1.452881617756891508e-01
4.548259400528997798e-02
1.319784085209091407e-01
-2.612287056252844408e-01
6.362092291921611631e-02
-2.139679645700414690e-01
2.921557379533223364e-01
5.150615632242344644e-02
1.401223678847171028e-01
-1.836041462706892169e-01
2.829718260111489525e-01
1.985492227048392677e-01
3.718057272540786773e-02
-3.061767038077151115e-01
-2.301367689007798312e-01
-1.869139777395594226e-01
-1.820921471102728839e-01
-1.659644728075325149e-01
2.312800319879113053e-01
1.539171817275317156e-01
7.623697883585672797e-02
-5.576748439200401863e-02
2.178236213645122210e-01
1.743641749207845981e-01
1.786340174051886387e-01
2.658076181815852146e-01
0.000000000000000000e+00
0.000000000000000000e+00
0.000000000000000000e+00
0.000000000000000000e+00
0.000000000000000000e+00
0.000000000000000000e+00
0.000000000000000000e+00
0.000000000000000000e+00
0.000000000000000000e+00
0.000000000000000000e+00
0.000000000000000000e+00
0.000000000000000000e+00
0.000000000000000000e+00
0.000000000000000000e+00
0.000000000000000000e+00
0.000000000000000000e+00
0.000000000000000000e+00
0.000000000000000000e+00
0.000000000000000000e+00
0.000000000000000000e+00
0.000000000000000000e+00
0.000000000000000000e+00
0.000000000000000000e+00
0.000000000000000000e+00
0.000000000000000000e+00
0.000000000000000000e+00
0.000000000000000000e+00
0.000000000000000000e+00
0.000000000000000000e+00
0.000000000000000000e+00
0.000000000000000000e+00
0.000000000000000000e+00
-5.465646214970848460e-02
1.000406907127953104e-01
-3.096886779698960201e-01
-2.923005309693187392e-01
-8.470222097662016836e-03
3.069185350708041882e-01
1.798740536220599373e-01
-1.401658428854605232e-01
2.819937851839299237e-02
1.313887762834379802e-01
2.813136048193906613e-01
5.836715339210363229e-02
3.687456306114978433e-01
-2.792269068949992938e-02
-2.886651444982275549e-01
3.733439443460828122e-01
-2.188991183385771144e-01
2.438550748008483926e-01
2.217423055309178381e-01
9.387767244847911030e-02
-3.655819994773987780e-01
-1.770664514201005790e-01
-2.846034992522541995e-01
1.596999060222484279e-01
-3.228480849163884447e-01
2.408084254669000113e-01
-2.227058400342118993e-01
-1.348851058692934757e-01
3.471731948393290135e-01
-8.937683970375370768e-02
-1.140149037543447541e-03
5.624606239529733598e-02
-1.775993200931002269e-01
-9.334710639122190123e-02
2.900668358068503316e-02
-9.248493273055513608e-02
-8.241680201404494310e-02
-3.352629986882347257e-01
3.216362846122716723e-02
7.296901215744205915e-02
9.113389655079628948e-02
-2.607455602315404963e-01
3.097621889674017637e-01
2.290105975783121584e-01
7.220981486532374038e-02
5.157942092812051182e-02
5.394137886771477319e-02
2.060531874017055842e-01
3.738607797316489956e-02
3.494415742488468646e-01
-9.816492283581418343e-02
-1.637773180998359224e-01
1.315949516566249922e-01
-2.478452264372876801e-02
-2.690607192116769575e-01
-3.441932098130746631e-01
3.933082317291179408e-01
1.020830639620561309e-01
-1.378980684715070959e-01
1.209643142563464058e-01
1.215542332067608977e-01
-2.083853215125844038e-01
1.440543379174838434e-01
5.314818988160052715e-03
-2.180478494666960310e-01
-1.951843437524830860e-01
6.994721321118213542e-02
-1.716169250952905845e-01
3.237646580883470349e-01
-1.671446734006773460e-01
-5.872531677700432162e-02
3.167206202715705521e-02
1.010968484548319668e-01
-2.276367865539824509e-02
1.559758668051010599e-01
-1.999772229342534346e-01
-1.399584107835195601e-01
-3.065259849485689192e-01
3.715840034879286935e-01
-4.038737617677951031e-02
2.875770958177912839e-01
2.857688590398393402e-01
-3.814504754076800119e-01
1.391389797595477540e-01
-3.885427793692024512e-01
-3.819831649275644558e-01
-2.944130119767637277e-01
-1.277326299418845568e-01
-3.770917540398791568e-01
-3.766920195385151660e-01
-6.400681764949067709e-02
2.321816342148142476e-01
-2.531580528126656793e-01
-1.411241411392683553e-01
-3.284137044961604190e-01
-7.168598102248735504e-03
4.636439181060503234e-02
-3.261438170545329363e-01
3.112979259833589807e-01
-2.545330295169500046e-01
-2.940722002941126290e-01
1.660583460884797469e-01
-2.576558476253741348e-01
1.173769773345079148e-02
1.862916182820534838e-01
-9.458632404997291410e-02
-1.444259450100449649e-01
-1.060361645046625223e-01
-7.012067835288315898e-02
-3.608265352253863245e-01
-1.564139287348848550e-01
-8.021892822793519340e-02
-1.604607130822042205e-01
7.953336574837516215e-02
-1.398036535872123620e-01
1.942974790310241784e-01
1.072565072361311711e-01
-1.293553333987013665e-01
2.595881838508088957e-01
-1.903321209535440706e-01
-1.607227188789733530e-01
4.984494963564795045e-02
-1.608885759110552094e-01
-3.565318171486286936e-01
4.559054230037318245e-02
-1.624528364286107196e-01
-2.846796527260134768e-01
3.845497262121962412e-01
-6.513319770506487139e-02
-1.373659637248384469e-01
5.755666728496761086e-02
1.935630453886257318e-01
-3.013869995141622016e-01
1.723253062946891734e-01
1.009952569138428125e-02
1.432416956578966283e-01
-3.904453874098807731e-01
1.581019436439630721e-01
-1.507353480024825887e-01
3.824077442826613882e-01
-1.275332003950497839e-01
-3.440772307065129709e-01
1.615288185470248328e-02
2.679375706585784833e-02
-3.833000778065941971e-01
2.776694316201192003e-01
2.438820099139901720e-01
-1.932870307037674595e-01
1.304374232254676413e-01
2.051924962554587117e-01
8.709664674217110214e-02
-3.167996199621475606e-01
2.579363087055041581e-01
2.056354627286950953e-01
2.140049486515216981e-01
-3.610848956469713822e-01
-2.902761438094996205e-01
-1.850017772822066808e-01
3.467825187223397276e-01
4.140144482553564931e-03
-1.019965325637040010e-02
-2.523062473529983363e-01
2.526165379030863023e-01
3.111401259471807124e-01
2.088776407347447961e-03
-3.522514093218426234e-01
1.486558497705037785e-01
-1.292670671032056795e-01
-3.403941408836632654e-01
2.457140310503037051e-01
-1.089434474123235908e-01
-3.511920855105951644e-01
-5.930946094137357072e-02
-3.110945615885376547e-01
9.755346335058534546e-02
3.641530099252814900e-01
3.419972484583462813e-01
1.702370972902741975e-01
3.473361671934993011e-01
-2.276022381795173855e-01
3.146059462914789218e-01
-2.516380322976055073e-01
1.755111110314492850e-01
1.323526785980546072e-01
-1.907982722425012878e-01
-3.617753592694759046e-01
4.755210618685928869e-02
3.031002046255981131e-01
-8.554382711969032993e-02
-1.328242948335216500e-01
2.052969055214958760e-01
3.430757514819313125e-01
0.000000000000000000e+00
0.000000000000000000e+00
0.000000000000000000e+00
0.000000000000000000e+00
0.000000000000000000e+00
0.000000000000000000e+00
0.000000000000000000e+00
0.000000000000000000e+00
0.000000000000000000e+00
0.000000000000000000e+00
0.000000000000000000e+00
0.000000000000000000e+00
