1.250258373440415460e-01
-1.229887828601750333e-01
2.197316424753236186e-01
-3.156077044547138666e-01
3.508227853748685510e-02
6.593599128507882101e-02
1.098849589665600313e-01
2.142289558929432181e-01
1.529452866841960468e-01
1.496263539369618867e-02
5.861172297371108897e-02
1.342254196042840797e-01
-8.660357050149830593e-02
3.030578901758054222e-01
-3.263987103150037816e-01
1.144006564489533084e-01
2.796648619331787433e-01
6.551100031190393302e-02
-1.894817332632555973e-01
-2.094124758883620097e-01
1.225835391738951952e-01
3.369974728843099232e-01
6.465642260896087290e-02
-8.634855868336693829e-02
1.809978881907037263e-01
2.424868699673796701e-01
1.904859549796831253e-01
-2.560613275418825996e-01
2.278958305766328740e-01
-1.435142267579286868e-02
-2.376189024719508325e-01
2.739836722342071651e-01
5.083740010939785670e-02
-1.929681407742927790e-01
1.968004091468682493e-01
1.114462225140752660e-01
-1.377115113883092823e-02
3.337180405763563451e-01
-3.311670445237720473e-01
-1.725666322028566735e-01
2.189386231956986784e-01
-7.032955027599580022e-02
-2.776668878931260465e-01
2.330439613585982839e-01
-1.602307176971995983e-01
2.578413766507373639e-01
-1.551873548764050592e-01
-6.320514772339808074e-02
-3.009100858717232985e-01
-2.656552339239078853e-01
-1.452838969969625915e-01
-3.015836852525238809e-02
-1.264530964058850349e-01
-1.756586426873499029e-01
5.333157677276145758e-02
1.580398258213798757e-01
3.207164752032861665e-01
2.957121883555103858e-01
6.154698739928260443e-02
1.854437016145915607e-01
-4.668466238571744586e-02
2.516613880607201370e-01
6.463528356626607740e-02
-2.823731728106190220e-01
-1.717965426202994195e-02
6.893595499916610470e-02
3.139955488845379561e-01
1.321725942871899151e-01
1.722326255911478254e-01
-1.852631833490591962e-01
2.382098349433918738e-01
-2.649309440889206502e-01
-3.346965362441604586e-01
2.265938797203327359e-01
-1.297709067929346261e-01
2.125294704750622099e-01
-3.306572687725836124e-01
2.891893717192464131e-01
1.094640006034275914e-01
2.591025836878341204e-01
2.521976156503796807e-01
3.897260389748957721e-02
2.728409239306180956e-01
-3.779498493666877401e-02
-6.204851100510233586e-02
3.381894702061355451e-01
-8.560357855658751181e-02
2.852708197065569884e-01
2.602477355750278942e-01
3.600800835870970884e-02
-1.591745184788759260e-01
2.833830840644013804e-01
3.158077712231989187e-01
-1.256435888842139803e-01
2.265522758226432565e-01
-3.203605230836414908e-02
-3.789202077014230952e-02
-5.508403327348426748e-02
2.026534728894012760e-01
-3.031158740234020099e-01
-2.258428226669230154e-01
-1.849145262049656235e-03
1.476422891577593433e-01
2.241566909946219877e-01
-2.869018003759059576e-01
1.862692667275417380e-02
-3.131660757165949382e-01
1.070420720896874123e-01
1.712316222491990780e-01
2.313243641232910486e-01
-2.459966519084427206e-01
-2.946016273971113764e-01
5.767949159568913631e-02
3.335149078944441570e-01
2.402711183194640165e-01
-1.907637983973975437e-02
-7.170729557557820044e-02
1.819663909483748565e-02
3.310498720827900199e-01
2.028269887462648136e-01
-1.390023314977386903e-01
6.867088358642353674e-02
3.201956280762727758e-01
1.952848339774810871e-01
-2.133169556014991031e-02
-7.746552237771975324e-02
1.678575261177754907e-01
9.170709744394733853e-02
-1.710083819510164194e-01
-2.303794587755353396e-01
-2.563067798823370769e-02
-6.254932745721419884e-03
2.622290219459277871e-01
2.132710383226332773e-01
5.636006381315256109e-02
-3.107215849222476067e-01
2.819230368536385090e-02
6.282096252313884577e-02
-1.452276202741507316e-01
-1.682790750783569600e-01
8.350046431059360286e-02
5.222724779702220266e-02
-2.202155110145094796e-01
3.214035202318004103e-01
2.592736936485628974e-01
-1.198908275634540943e-01
1.224615727946867239e-01
3.235216056032914622e-01
2.020474570633867817e-01
-1.312485692845338781e-02
2.957073382410968510e-02
-2.095860293965753074e-01
-1.248213037731385477e-01
2.298822297543777760e-01
-1.995520044002683513e-01
9.194911635423408391e-04
1.133010890851002261e-01
3.239837138125581939e-01
2.960158390468754508e-01
-2.240672274993409652e-01
1.952458476909795237e-01
-1.730101973864882070e-01
-2.422002623604432303e-01
-2.005565655370507849e-01
-2.988564623132572429e-04
2.459694312060941579e-01
-1.559621081013024824e-01
1.019186726639080276e-01
-1.027879897391839326e-01
-1.118422152403318603e-01
-1.678636568330905687e-01
1.972466800753436278e-01
-2.658229125749423938e-01
1.358460363909603785e-01
2.200722394232790258e-02
-2.513462767366753114e-02
2.449868239756253230e-02
2.770621920154283657e-01
9.709875730519584858e-02
-2.141016088434108400e-01
2.593805060568776799e-01
-3.904724078277649335e-02
-3.107211380143395374e-01
2.242674859676855315e-01
-1.069154557532803196e-01
-1.918588128900260426e-01
-3.826766280959176258e-02
-6.538096697401130086e-02
2.418029640988138551e-01
-9.016274358447151638e-03
-1.745308144420476271e-01
2.569430685549386473e-01
-2.706548340745709158e-01
3.041414184249112695e-01
-3.125883200994822309e-01
1.862915677925391922e-01
3.099143074960679645e-01
-5.457610797404838232e-02
6.289495681704460051e-02
-4.956859360434606732e-03
-2.552594334130032783e-01
-7.023045882625689185e-02
4.322156340539284880e-03
-3.312157977309193591e-02
-1.373515265451878964e-01
-2.104319451657514772e-01
-1.024481581799008278e-01
2.030461031638947089e-02
2.399007078202899379e-01
-2.170614447175637785e-01
-1.102734555037526987e-01
2.285022203900104465e-01
2.659221422063562379e-01
6.284347807282097964e-02
2.599697616754417240e-01
2.322638176000743071e-01
3.172277628625852497e-02
2.791693727362833943e-01
1.902664724257591145e-01
-3.550198450658026417e-02
-2.295842172015088445e-01
-7.736450944706563249e-02
1.231694389073478835e-02
-3.197907872155028031e-01
-1.030074428063178782e-01
-3.393269808838593193e-01
5.373767881918256606e-02
7.693658051252771912e-02
-1.702020102988271444e-01
1.457766595256503317e-01
8.534459668289950951e-02
2.870387141356611771e-01
9.360979987128575930e-02
-1.047690432577860764e-01
1.176394444071341971e-01
-1.089030325470475014e-01
2.646008518669209497e-01
-3.560650891175176636e-02
-2.493756139861605936e-01
-1.195405791640010984e-01
-1.057516021703492348e-01
-1.973203490135627403e-01
2.990554613374298842e-01
-6.842264000769099352e-02
7.062955436852652591e-02
-2.100568795705039238e-01
-9.498199231724482883e-02
-2.773146147822129759e-01
-2.333183293566713501e-01
1.077364237462434260e-01
2.581916329369193797e-01
-4.242406053215141970e-02
2.534924816923693758e-01
-9.058493340174075814e-02
-2.095080267522363704e-01
-7.098362471767416526e-02
-2.397317312964140357e-01
-3.382948055474490068e-01
-3.311364667867274236e-01
-2.556646560519134637e-01
-8.326313092216219847e-02
3.337671571383973301e-01
-1.052299556298206540e-01
1.998268882865328333e-01
-5.948944726553223594e-02
-3.186007588441764904e-01
9.346285583953262144e-02
-1.129687738826520571e-01
-2.949021318394566826e-01
-2.127947285973739722e-01
2.366159525499111904e-02
-2.042422674948129735e-01
1.955889724763422155e-01
-3.652642391599925098e-02
-1.812386034910233867e-01
2.604418491211113462e-01
2.116258344637355071e-01
-3.048054946902725715e-01
-7.572477606918065485e-02
-3.155559182660694906e-01
-2.892525712215863187e-01
-3.908647786229679788e-03
1.566094467294794623e-01
2.091870221188664170e-01
-1.798387757129753239e-01
1.160133898095511151e-01
-1.187971990149969959e-01
-2.640413556527526628e-02
-3.317980751609279633e-01
2.658182111178136742e-02
-1.323295820340868179e-01
-2.064495605918534871e-01
-2.419886339064735714e-01
2.925516409687292096e-01
-1.101803844780898378e-01
-9.129685128581266351e-02
-3.676535930688462628e-02
-2.043557631665479934e-01
-1.204116446206616453e-01
2.061074534652455048e-01
3.158992438983231343e-01
2.323466378900905793e-01
-2.609823950793158653e-01
-2.466024974540639292e-01
-3.218483334599565038e-01
-7.196546084103155883e-02
2.359244281033636703e-01
-1.037135184257977072e-01
2.002733077338586520e-02
2.773806005135558417e-01
-1.849859728678426851e-01
1.377918092253094251e-01
-7.896200873599212855e-02
2.980510305392801707e-01
1.444033681548131387e-01
2.091627317641259198e-01
1.506204386569258702e-01
2.440204200810791590e-01
-6.750935280002812178e-03
2.500751920607876544e-01
2.050987407608533264e-01
1.149041828075478833e-01
-1.283684083234987172e-02
-8.214342377234412629e-02
2.092820711327297856e-01
-3.779300638106891652e-02
1.360029166761358432e-01
-9.984491646308901736e-02
1.778834130709011641e-02
-1.734710881518444214e-01
-1.863479274437290223e-01
-1.570450273802378172e-01
3.189902699097777461e-01
-3.362952526494663030e-01
2.279329083153973645e-01
1.089660592148067320e-01
-8.010578458321981898e-02
2.480910089050681888e-01
-6.583794657253394522e-02
1.783452412897690298e-01
3.394374333794409893e-01
-4.044455413389347331e-02
-2.148381207397273007e-01
1.086581298284738928e-02
1.075672488169928664e-01
-2.574511219403231577e-01
2.978287581706571263e-01
-1.024362541394892856e-01
3.078436087914309116e-01
2.944975887002202475e-01
1.859176029171770717e-01
2.131799603352563244e-01
-1.708662989983810720e-01
-8.084101407519250770e-03
2.280491099683039646e-01
-2.895001166039931628e-01
-1.426466141947619060e-01
1.570643542942113391e-01
3.056468213697720593e-01
1.130416733858305434e-01
2.571872109146363661e-01
-5.871879600019958012e-02
-3.177990269689627834e-01
3.991309692882455407e-02
1.708410514096742050e-02
7.538078356218286258e-02
2.596168811338606108e-01
-1.779952498454473453e-01
-1.087238416592898604e-01
-1.156110711838542748e-02
8.098452063420380487e-02
-1.915082792545036161e-01
-3.209173181992419077e-01
5.161980612532374169e-02
-2.353741966188545032e-01
1.676912999041457741e-01
2.423944529232605616e-01
-2.949413392303946169e-01
-2.962826588481753953e-01
-3.037455543067955621e-01
-3.315488358755724896e-01
-1.254648996124721749e-01
-1.891925359949242491e-02
-2.700203493150700740e-01
7.739386147835564111e-02
-2.275134337349765667e-02
3.300696985537937556e-02
1.480719298292780817e-01
-3.889109945793572942e-02
-3.354829908247129455e-01
-3.983352459704581072e-02
-2.862031273420405642e-01
-1.658656190131901076e-01
1.573350503412995205e-01
-3.681255354929446888e-02
1.701694345188059510e-01
1.415925641037609761e-01
2.483646345525655219e-01
-5.434615051059404900e-02
2.588466139291202284e-01
-2.679945428986003630e-01
3.469259300806915025e-02
-8.089422483483044157e-03
1.860011812463868708e-03
-5.628069345233061016e-02
1.385131147297228860e-01
1.036193640643578995e-02
1.529998011898976995e-01
-2.105210220915145203e-01
-6.553674214989063662e-02
-2.984231148656660837e-01
1.561187452728967084e-01
-2.050948451875400647e-02
-2.728340905378120462e-01
-5.996157777942001665e-02
-6.117851938096691145e-02
-1.607642861501798470e-01
-2.959336098653444491e-01
1.528640329797422148e-01
-2.817779736202686847e-01
-6.566652260141248032e-03
-7.945156848672974004e-02
3.243462682900171146e-01
-2.713740281234996443e-01
1.286525013610184676e-02
1.379945025377680157e-01
5.098288176423881879e-03
-3.064037936575559340e-01
2.618271026509262356e-01
-6.257755421301303134e-02
-8.054271111433142227e-02
-2.567380465552842050e-01
-9.193124834819638158e-02
2.787898271094745306e-01
3.106130841448574431e-01
-2.166151241486145018e-01
1.890820991697326203e-01
-1.821160472207916659e-01
1.195029654439604405e-01
-2.962140227707865670e-01
1.515473972263237101e-01
-3.057024587923506953e-01
-3.005929987220064548e-01
-2.306480568662144792e-01
-2.062097571894226933e-01
-1.038965420557212138e-01
2.244823057735612082e-01
2.190514115254256211e-01
-2.013542474176521491e-01
2.277149329028875790e-01
3.281535507943817986e-01
-2.124355684848956982e-01
-1.677820762012396383e-01
-2.804915106092317201e-01
2.026709824070007659e-01
-3.206153506950090160e-01
-2.068542006061068195e-01
-3.088703823663325743e-01
2.152970483024345683e-01
-1.967813753529257248e-02
1.339041064151348936e-01
2.699166608168744874e-01
-2.974193929287650695e-01
-2.208277280125894027e-01
-1.883056763905145148e-01
-9.117372560476982857e-02
-8.451320756326879957e-02
1.715492569083155727e-01
1.151565099219735155e-01
1.942440087447727670e-01
-8.024677704444566073e-02
1.707349366595529716e-01
2.342115178228829642e-01
5.230546421057674644e-02
-1.997193145757142074e-01
-1.119000659570488776e-01
-2.814797341844575973e-01
-2.546523242566453016e-01
-2.136972098878946458e-01
1.598631162147443052e-01
-1.097010477642418047e-01
3.177907482343506063e-02
3.385934539104966667e-01
8.001535257305536497e-02
-3.240441518853421909e-01
9.110311909599688729e-02
9.790170053971380959e-02
3.239424017852241544e-01
-2.870719839533841800e-01
-5.308482583764012608e-02
3.105084755910290095e-01
2.255156619507577842e-01
2.073997155974269813e-01
2.399930193484469676e-01
2.457112506480338965e-01
2.712106565715047823e-01
-1.951979133130444799e-01
1.527443696156594033e-02
-8.838168502372401036e-03
1.692767865584529074e-01
-2.467830032040226329e-01
2.989202334221153778e-01
-9.102817310573410592e-02
-2.381900085689741542e-01
-1.725829765510452363e-01
-8.681569747901046741e-02
-7.375190814498872038e-02
-2.335716290060607658e-01
-7.819587702316121991e-02
1.061508666315942873e-01
-7.330892289927815053e-02
-3.340363108942932535e-01
2.152691666822179606e-01
-7.252368600365832751e-02
-1.615582960713620175e-01
1.836717980517942328e-01
3.319087877126941644e-02
9.325859364532396167e-03
-1.974747277418794633e-01
-1.416184802512553409e-01
1.251954532843202461e-02
1.965946324766622011e-01
-9.438211762501538815e-02
1.764988059946349663e-01
-2.255885887247959520e-01
-6.649095624139139682e-02
-6.838827627236954143e-02
-3.311024267267586585e-01
1.823127386081185852e-02
-1.424549919804084241e-01
2.596183306565714721e-01
-2.961432244563433347e-02
1.288599625108311497e-01
-1.102349163345774652e-01
6.938527244369974145e-02
-8.079747929856445632e-02
-4.818008697508130433e-02
7.544739314070342262e-02
7.542191234427353397e-02
3.107303683192483845e-01
-2.144497421045663543e-01
8.744310055549736616e-02
1.907916464389226574e-01
-5.680348948832941725e-02
2.923823802011060735e-01
6.774319966689562600e-02
1.060323630580730647e-01
-2.351350020910430993e-02
-2.660421167902960460e-01
3.077430416839260774e-01
1.579421087706371352e-01
-2.493959316034820572e-01
1.852264214570501499e-01
-2.123720815258116901e-01
1.119414456215903630e-01
3.268134241094022840e-02
1.707085616441228471e-02
-7.824439537833666192e-02
-2.628124965367967247e-02
-5.657803292614155266e-02
-3.208398564160980238e-01
2.376096764162379804e-01
-3.407267661057727937e-02
1.031391680690160184e-01
3.279980074236068521e-01
-1.091908635291856389e-01
-6.815105243106717170e-02
2.025654264116324432e-01
-1.656004070980406639e-01
-1.115283214947554724e-01
-1.511596068354002786e-01
-7.652316266027703318e-02
8.434034546819091371e-02
8.992891804564584479e-02
-1.468783297849757252e-01
-1.232797318035360468e-01
2.987278887772790714e-01
7.325330301115334786e-02
1.149557121872794019e-01
-7.483725437146537818e-03
1.289792840486081449e-02
1.186226680521353938e-01
-1.745370080885399744e-01
4.252179957542245869e-02
6.277263478589550916e-02
1.639896038838140058e-02
2.356670271535666883e-01
-2.771979641093355595e-01
8.049969205876261746e-02
2.538442450008890905e-01
-2.201408539447141655e-02
-2.520763349625113059e-01
-2.365193787878092091e-01
-3.173029372020922945e-01
-2.557508634444182194e-01
9.640089649386479609e-02
-1.005782345591809679e-01
-1.539319356354783008e-01
-3.975273475757173935e-02
-1.509364607350641430e-01
3.192496264173114717e-01
-1.614434107268016561e-01
2.336967792346058559e-01
-9.035079039334337203e-02
1.158391831980161157e-01
1.390680963322604713e-02
1.469225527783810104e-01
-1.355580155699549205e-01
2.311566952481283188e-01
1.603289897358195493e-03
-2.489771586082073218e-01
1.602287360488952039e-01
-2.636703484468846392e-01
2.031725705667917214e-01
3.000276030374866565e-01
-2.683207892194598987e-01
1.686356185383481865e-01
1.158832814720837656e-01
-1.662322403604502286e-01
-3.915110672482297050e-02
-2.774433367346540447e-02
-1.773945039746260000e-01
-6.940461720434581983e-02
4.390669044868700244e-02
-3.108749530905837166e-01
-3.005001399289549679e-01
-1.492226607472221800e-01
1.487145494407676183e-01
-1.259227528010340436e-01
7.170892824120095321e-02
2.318588941631096745e-01
-1.143293764453432448e-01
-3.118827143010316494e-02
-9.921702965762504989e-02
2.069669556166934266e-01
-3.410873375625567139e-02
-7.866917484421087625e-02
4.117074098760714618e-02
-3.257930991577928648e-01
1.949968108655442123e-01
0.000000000000000000e+00
0.000000000000000000e+00
0.000000000000000000e+00
0.000000000000000000e+00
0.000000000000000000e+00
0.000000000000000000e+00
0.000000000000000000e+00
0.000000000000000000e+00
0.000000000000000000e+00
0.000000000000000000e+00
0.000000000000000000e+00
0.000000000000000000e+00
0.000000000000000000e+00
0.000000000000000000e+00
0.000000000000000000e+00
0.000000000000000000e+00
0.000000000000000000e+00
0.000000000000000000e+00
0.000000000000000000e+00
0.000000000000000000e+00
0.000000000000000000e+00
0.000000000000000000e+00
0.000000000000000000e+00
0.000000000000000000e+00
0.000000000000000000e+00
0.000000000000000000e+00
0.000000000000000000e+00
0.000000000000000000e+00
0.000000000000000000e+00
0.000000000000000000e+00
0.000000000000000000e+00
0.000000000000000000e+00
2.351198602147754335e-01
1.793977295435285058e-01
-7.910719281546912951e-02
1.502037088406464882e-01
-1.853750440230008123e-01
-2.748152063109043919e-01
2.812895551092370883e-01
1.388025716659078701e-01
-1.179204620996699704e-01
-5.307219657510353628e-02
2.750471578021318475e-02
1.218660092480596258e-01
-1.434910326000521930e-01
-2.827317508690951331e-01
-6.952629396344570112e-02
-2.063361397494100080e-01
-9.654414559932483764e-02
1.757721265687022805e-01
8.834284146956239425e-02
2.135226627033667834e-01
1.111451033446786418e-01
-1.940871324780202301e-02
-9.688919906652870839e-02
-1.570229672891934602e-01
2.851195326076608194e-01
-1.927550951921521705e-01
-1.855385048623462985e-01
-7.162378749569797698e-02
2.723986519730625111e-01
-7.650362599529905716e-02
8.545605599787892137e-02
-1.871691621997744748e-01
1.202074145466302535e-01
1.290535775486634229e-01
4.831784049440185358e-02
-3.754043316924954299e-02
-5.015145789479558136e-02
-2.997446749645305553e-01
1.785160258158572932e-01
2.525539471169224726e-02
-2.020337341027000633e-01
8.555806970280899204e-02
-1.891522688090183091e-01
7.893047643727812979e-02
-1.360277016012975404e-01
-7.431084863554232589e-02
1.935725832631698395e-01
-1.950839690331578058e-01
1.951147659994680317e-01
1.601005210797527001e-01
6.893344974637133360e-02
1.644513686505295613e-01
-3.425006477870734534e-02
-2.520505675724705186e-01
-2.141848065652984801e-02
2.876661254888988606e-01
5.845793938313625926e-02
-2.594827207997774110e-01
-1.016640897768496532e-01
2.331478192633697488e-01
2.505095963115465119e-01
-2.430998379956937905e-01
1.322319726937293827e-01
1.543940717564041831e-01
-1.675858440047923170e-01
2.340773395586703276e-01
2.267311368355076628e-01
-2.442553984209009932e-01
2.101658072539124844e-01
8.857901019604619286e-02
2.513794150127984239e-01
-2.371315616438995910e-02
-1.146527094134134617e-01
-2.354587316291484322e-02
-1.300616966302333144e-01
-4.618196363319848619e-02
-1.666213623436601787e-01
1.199152251013966275e-01
-7.133794480987229458e-02
1.763031782217696630e-01
-1.941446373959848926e-01
-1.323462072318914995e-02
-1.481438614450602265e-01
-1.138797213689818622e-01
2.521803502957407628e-01
-2.988885085043063716e-02
-8.252618236441072730e-02
-4.735691324823076975e-02
2.739393154494240146e-01
1.307387003357358135e-01
2.606586317424533505e-01
-7.929510853078999832e-02
-1.230644953455369006e-01
-8.683122985505317692e-02
-1.426360746968191318e-01
-9.274488971357242040e-02
1.903782768626230970e-01
2.727865534253176016e-01
1.548465543489052632e-01
-2.766547553887381827e-01
-2.612086029497590611e-01
-1.228975736616037262e-01
-1.495784344156626811e-01
-1.376349955471786457e-01
2.983785995885577802e-01
1.217622034567103495e-01
9.726151027210777622e-02
1.778167908510746575e-01
1.703499102109883867e-01
-2.043064803026241050e-01
-3.998672638217604103e-02
-7.733586319094604145e-02
9.385320441771149991e-03
-2.478842884767857857e-01
-2.028515604761903790e-01
-8.708834962116751566e-02
-4.887918732320983839e-02
-1.539888353964707357e-01
9.876568241341804333e-02
5.520594291805347442e-03
-3.176427542844140195e-03
-9.633601096320490442e-02
1.967881279888350488e-02
-1.494549553491081872e-01
1.427483324132275411e-01
6.867296434346731315e-02
-1.566687964497398555e-02
-1.346983175109071895e-01
7.825171628353488895e-02
1.617517317387561215e-01
1.826984864120010932e-01
-4.710735047969627498e-02
2.398468357668470108e-01
1.881537256842286676e-01
1.357635602207690195e-01
-4.372217360990154900e-02
2.382174884196177067e-01
7.187401437770080115e-03
-5.514769481543230212e-02
-1.855096943460915748e-01
-1.536042992600928914e-01
1.778938061232590573e-01
-1.428386468484471594e-02
-3.951545161923308846e-03
2.213365958058571281e-01
-7.079285376084831771e-02
1.847567387814018636e-01
2.263091851031701629e-01
-1.340233316396904906e-01
1.521794513690019612e-01
-2.088453788879103268e-01
2.929301421921481352e-01
-1.257622740763539859e-01
6.710345068358780640e-02
4.395817467708856841e-02
6.945060857372375995e-02
1.322261944521492816e-01
-4.757722872702940808e-02
-2.614561169853711897e-01
2.758633620532781605e-01
-5.221544317062715157e-02
1.172211239242443304e-01
-7.922436664315637977e-02
-2.875890017519464048e-01
6.344553056543456027e-02
2.474113599678344211e-01
-1.245838895823315196e-01
-2.884719042590355720e-02
-2.288765297043890978e-01
-1.334489729167698258e-02
1.400707559681519387e-01
1.805751136966462500e-01
1.613607082604545662e-02
1.119915678862377639e-01
-3.904516127079976640e-02
-1.512003695900906997e-01
-1.537980675646743456e-01
-2.776514241509539516e-01
1.475851070931940567e-01
1.935658727253625755e-01
4.823713429455933621e-02
2.846205039140282111e-01
-2.535260249312399350e-01
-3.004722151626286197e-01
-1.724847717608951336e-01
1.503355321586669069e-01
-2.788011044380678816e-01
8.329338664062779785e-02
2.223094067309144273e-01
-1.345984348190275570e-01
-1.500321029151443775e-01
9.325231970243297308e-02
2.178614637619278871e-01
2.366921890143275364e-02
-2.509010181415758933e-01
-1.135996610068041590e-01
-9.941816874180922636e-02
-2.459846087648287216e-01
-1.193028835172237068e-01
2.587561955053142015e-01
1.632697964121246903e-01
1.669249852995848271e-01
1.289217506588422602e-01
-2.333519255936307157e-01
4.495725683915818838e-03
-9.382191856316371426e-02
1.650430175557396906e-01
2.820541835477672898e-01
-1.949361039483973046e-01
3.321890271836375197e-02
1.713458462526148973e-01
-2.358035302801477218e-01
-2.706073282967694782e-01
1.487183994227692652e-01
2.308850284108640571e-01
-4.957557108106752652e-02
-2.063516084350613955e-02
2.206025986502955782e-01
2.937876030711389919e-01
-2.516433379743682752e-01
1.318387740408566433e-01
-1.207763630533028598e-01
-1.138629781450826439e-01
-5.488041115514846746e-02
1.584899346133353815e-01
7.987025867189284645e-02
-2.246756453007115462e-01
-2.498828574622319887e-01
1.547645654831215078e-01
-2.288713090046569365e-01
1.094437618183019545e-02
2.692934953010772126e-01
-1.131620867768419747e-01
-9.680649446709130301e-02
-8.167962685900198583e-02
-1.208993424366135994e-01
-2.576739953848481424e-01
-7.361858047952909989e-02
-2.915124970159331252e-01
1.290379634077493676e-01
-2.957823099174396453e-01
-9.680370321221043461e-03
2.169919447552992042e-01
-9.697307222570888952e-02
1.139542048735694979e-01
-1.297516837999401762e-02
6.105981594168746751e-02
-1.153892996479428945e-01
-1.835403742205909683e-01
-2.977744821763689265e-02
1.149464902934608235e-01
-2.948949515706552060e-01
1.585674773252409575e-01
-2.233247638690318837e-01
2.050899956497611032e-01
2.748663085407302975e-01
-2.702791303092385578e-01
2.060718522846446965e-01
9.761962650941075070e-02
1.786954454431049499e-01
1.824627326385935833e-01
1.442761238500097631e-01
1.274703164140834066e-01
-1.032567151830358076e-01
7.611963998666437803e-02
9.069288716833989739e-02
2.870448976973977717e-01
-1.274528163930643831e-01
-1.827406651445561692e-01
-1.778348939818117092e-01
-1.666423312594075001e-01
-7.286065866185012507e-02
1.464235821193703435e-01
2.908541290787866607e-01
-2.631354803592776403e-01
2.799567661263125395e-01
7.919988522471055337e-02
2.435425476735367245e-01
2.415531889754414796e-01
-5.374907357374952843e-02
8.150176927895302903e-02
-1.906505650599689128e-01
7.161611399473966078e-03
1.056183968871389767e-01
-2.447363480836428351e-01
-1.978347082741223062e-01
9.273898875977704126e-02
1.111354155915605380e-01
1.239534492906886887e-01
-2.295957211124931008e-01
1.295500080555337941e-01
1.211845580873423533e-01
2.778882403504267518e-01
1.357355387829341509e-01
2.299267052025272262e-02
-1.018910460550593866e-01
2.434378901602229917e-02
-1.335764957479770310e-01
2.421872258116578025e-01
-2.317743704823492790e-01
-1.458238338364840903e-01
-1.173014649471895710e-01
2.274168728288319952e-01
1.921002482587654270e-01
2.424811222484921092e-01
1.288095846470659334e-01
5.933257650065415501e-02
-2.321110176699590077e-01
-2.082702848914041727e-01
3.013924083019225986e-02
1.877565121282679383e-01
-2.088651882965220363e-01
1.107001189707043087e-01
-9.833482080424224558e-02
-2.115885922460518653e-01
-2.249684473826496500e-01
-2.561378742448373602e-01
1.208782414855912868e-01
2.463335413105596783e-01
-2.680284394740536924e-01
-1.479560936123229531e-01
2.624707133435038586e-01
9.012457490124897719e-02
5.953398763739287114e-02
-2.581190019241078604e-01
-2.116318777400749696e-02
-2.357532449038288180e-01
6.618631716504219664e-02
-2.061661038307925353e-01
1.419861652219385761e-01
2.910808255895573349e-01
-5.529129168554025586e-02
-2.002773640757126994e-01
-1.869798792799893250e-01
2.517301227643380934e-01
1.118367144824367054e-02
2.365122533881159339e-01
2.159761405347565555e-02
1.842862427815968318e-01
-6.586525026988809817e-03
1.486575272525259561e-01
-1.035980380862277783e-01
-5.609972885027419975e-02
1.285007867769905610e-01
-1.179443884279017807e-01
-1.073554725042632219e-01
8.865417554384985577e-02
-2.264293209512097671e-01
1.697181937925199002e-01
-1.370147653104780983e-01
2.101071713268644614e-01
-1.091959846593548722e-03
-1.837147818141109945e-01
6.596607610792182275e-02
-1.502675616385020507e-01
2.764718440724122650e-01
1.879014916488785936e-04
2.004047058418254035e-01
-3.014273725232219370e-03
3.057958515774367725e-01
1.203722548598977204e-01
1.239591686285384520e-01
-8.049230981290336762e-02
1.966416419285875183e-01
9.092313558688502884e-03
2.394379784117428023e-01
2.261975997050081344e-01
-1.536588093536733202e-01
1.130434824333961252e-01
7.152147898593452791e-02
-5.105205604615714599e-02
1.392044678758960208e-01
2.535458708315845855e-01
-2.933418413938900238e-01
-7.691874653057012567e-02
9.563248277095487415e-02
1.062638706404718802e-01
1.023653848689906609e-01
2.858652053579206487e-01
2.834753022932953725e-01
2.391477448915997894e-01
-5.017028134963669173e-02
1.337053638962498181e-01
1.710474642117207900e-01
-8.524446124646206657e-02
2.289110577524172130e-01
-1.369937647097416999e-01
-2.568135733394987241e-01
7.405999305625465823e-03
-7.918596349657364142e-02
-2.892776207201789296e-01
-2.314463677107853057e-01
-2.417641829703416900e-01
-2.472317110574935028e-01
1.853345763618375885e-01
-2.134503162289612677e-01
1.616292847386989195e-01
-1.318722373134914028e-01
2.690393554159062339e-01
5.163174954504695657e-02
2.015350777571870977e-01
1.368554857135322322e-01
2.426423374562290403e-01
-2.007998608171258081e-01
3.755670990131348974e-02
-1.815376621966512394e-01
1.072405136444102292e-01
-6.420621585653052410e-02
-3.365882015077631406e-02
-3.966213091498249632e-03
-6.922448215359852663e-02
2.915327601410622194e-02
1.525743889809158538e-01
5.865384499070797064e-02
-2.472588819723103848e-01
-8.252923892620445123e-03
-1.000632776663007151e-01
2.212727002121722131e-01
-1.880182391098533801e-01
-2.608930071932464845e-01
-5.428386424787490228e-03
-3.018642815462680429e-01
2.452176573381296687e-01
-2.531865423817211691e-01
-2.275491714175278402e-01
1.875328100908535967e-01
-1.464987404470487753e-01
5.073722597190116756e-02
-2.097352614972714524e-01
8.886257462929775253e-02
2.396246017466109879e-01
-2.282886276512418877e-01
4.421072473481502119e-02
2.185669933232259887e-01
-9.224860685604099886e-02
-1.771295508798814700e-01
2.011588169466304588e-01
9.511858592827215908e-02
1.352217290320132381e-01
7.446638483253392726e-02
-6.907610821004697699e-02
-5.086644462677375467e-02
-9.109158826218766158e-04
-2.808361935430583323e-01
-4.321348136006575302e-02
1.316635300713133727e-01
8.694168063070367714e-02
6.092679287471380878e-02
8.546425071608948487e-02
2.469664376237358794e-01
2.383036539529715392e-01
5.404771797104546138e-02
2.808770700040850721e-01
2.600747304737167087e-01
2.528684995608607156e-01
-4.330082521749700764e-02
2.797251910723200230e-01
2.057888673426677140e-01
-5.403636651421112047e-02
5.781091439950913902e-02
1.715365351345686795e-01
2.054039073040838104e-01
2.993171799181825743e-01
-2.861745190221594570e-01
-1.311556809038970650e-01
2.806362740026932534e-01
-1.077882379093280385e-01
8.551339423617304591e-02
3.017407116350027674e-01
2.756544383098784023e-01
6.175869855471144421e-02
2.481254016023952125e-01
-2.999104973249472339e-01
-2.489693158807737561e-01
1.355504353482108182e-01
2.329564030879011649e-01
-7.132384582496151260e-02
-2.728456436028695031e-01
1.181390796796000231e-01
2.174775941296879789e-01
-1.923356582390794156e-01
-2.271898120686216549e-02
1.572452015473291276e-01
1.826118047754662910e-01
9.536079628692889498e-02
-2.879660710421649839e-01
2.623233462442308705e-01
-2.832283815672528293e-01
2.280112209681011692e-01
1.616640103080447255e-01
-2.058669787103807602e-01
1.180774573043119613e-01
-2.658979530632571420e-01
2.893940502986737662e-01
2.559208480623941795e-01
-1.738318940529369472e-01
-2.858251256368728455e-01
8.799358351287561719e-02
2.772107239250887756e-01
-2.618911712311600137e-01
-2.357286267821329107e-02
3.010044442504976048e-01
-1.093310990801543425e-01
1.552983225480564222e-02
-5.067098761041216592e-02
1.177695316949453064e-01
2.720122983618947221e-01
3.827821616321797071e-02
-2.477560736347595993e-01
-2.994872907337934320e-01
1.475450087173132974e-01
1.021125766065052454e-01
-2.566867942213940657e-01
-9.932905555072052417e-02
-2.661347058965396473e-01
1.956046573920585119e-01
1.295792053210542139e-01
-2.539838558438778371e-02
-1.800119786955819423e-01
2.148274932412729821e-01
1.829210335342970617e-01
-2.290354940758228541e-01
-1.215615763990150477e-01
1.485601598219462582e-01
-2.461836759487242565e-01
-2.073839491238366750e-01
4.064631771392118731e-02
-9.498821773415885850e-02
1.533934532218277358e-01
3.053066511919499959e-02
-3.171349696018033182e-02
-2.999862190419261831e-01
6.691768082769633530e-02
2.013088010563940933e-01
-7.629662096595596354e-02
-2.252434539457027485e-01
2.382571358944334805e-01
-1.370591842601648347e-01
1.857134491216063665e-01
2.089073828173635961e-01
1.927499242112385436e-01
1.180063093285939613e-01
1.735926733927494192e-01
-2.873406562495812722e-01
-1.922685227208011383e-01
-1.105706466308452596e-01
2.304765240004995053e-01
1.936842138227527488e-01
-1.353855614328800805e-01
-1.963467487678543788e-01
1.972502804459336789e-01
-2.507784322593464843e-04
-2.090209355437888383e-01
1.289670214256376513e-01
2.018969194873067585e-01
1.892552190209455532e-01
-2.530423735971956134e-01
-2.460610099968031372e-01
2.716755692196404781e-01
1.283331862589646710e-01
9.449402286736796608e-03
-1.303410664529479623e-01
1.782314499032072730e-01
1.906218766298090062e-02
-1.152290028106224273e-01
1.487714902029406705e-01
-1.060804154047773062e-02
-7.280686900303109943e-02
-4.274819174326915938e-02
-2.680823948080859886e-01
-2.871270528928069887e-01
4.707169682366868502e-02
-2.216688550265253632e-01
-1.908717943690503849e-01
2.779271565979591352e-01
-1.251316482507724981e-01
-1.097451086436877221e-01
-5.041406840415463275e-02
1.844457219736321263e-01
4.633800725174369584e-02
2.700412367977059191e-01
1.870122113973284872e-01
-6.229047466409437517e-02
2.757025876334067704e-01
-2.335278155956201918e-01
-1.663327664822709939e-01
-1.636858503955483657e-01
-1.814105961335818473e-01
-1.143398566769857627e-01
4.109968462750857032e-03
5.986317606733215779e-02
-2.864883932213913575e-01
-2.427516473237443517e-01
3.699726825776589179e-02
-1.490581877454361936e-01
-1.762557148377849325e-01
1.474437604118795098e-01
1.429167945069151346e-01
2.256396108144320123e-01
-1.231203841263457388e-01
-1.748325744713900565e-01
-1.894542018779866721e-01
1.615340045814633307e-01
2.329853314405561093e-02
2.467102978178696282e-01
1.320881250175676702e-01
8.712444880143810355e-02
-2.426988462486155962e-01
-1.162785313236647244e-01
2.142029920144283839e-03
1.697287624224968483e-01
5.268593802622567601e-02
-1.517962142841091933e-01
-1.465468491517443739e-01
-2.236209662226537331e-01
-9.097859848417091944e-02
2.897464022008108819e-01
2.291044454470709257e-01
1.291392271975693729e-01
5.827966650026927820e-02
-1.548573697908064151e-01
8.856115467299008337e-02
-2.983631005383712842e-01
-1.923314194293836987e-01
1.917740251721871125e-01
-5.048069414553768564e-02
-2.971316814678875429e-01
-1.960151638056669143e-01
-1.937081765787607157e-02
-1.273194557868043975e-01
1.265980153112789552e-01
1.175470634152140370e-01
1.347967107163949851e-01
-1.796740312326728928e-01
-1.067636577932428998e-01
-4.526817560016027642e-02
9.402857004034509414e-02
2.487245496302102343e-01
-1.428175610347891811e-01
-1.840106341736184592e-01
-2.092450868931650110e-01
2.184671181887133939e-01
-9.996217623146808062e-02
-2.681881449111196414e-01
-1.063306817350578581e-01
1.146967479628904774e-01
-1.502219820030017139e-01
-7.206532864592801735e-02
2.733321625544071765e-02
-1.053762569023253270e-01
-8.604668008317994943e-03
1.262669164854146597e-01
-6.051387732895152638e-03
1.797331045291530316e-01
-2.372009702723931468e-01
1.139360152701184292e-01
1.062093285956173805e-01
-2.173216102188622045e-01
-1.737168876429186493e-01
-8.353182005499462659e-02
-4.815259908733809935e-02
-2.319907118847476246e-01
-6.622720252091959803e-02
-1.356946003755887808e-02
-1.043669762062778006e-01
2.214270607451176986e-01
1.229817299921837637e-01
3.775983805310767494e-02
-1.845753267991112612e-01
-8.345102586545763423e-02
-2.993254119396231427e-01
6.830492810579247287e-02
3.727016140069372430e-02
8.276442235598258090e-03
-5.055678760368631508e-02
-6.565041267102506017e-02
-5.726401305338132963e-02
-2.519470830512678949e-01
-1.090720166495524612e-01
2.010536701878509747e-01
-2.416583540992785495e-01
2.274378024890984507e-01
1.947756513659469335e-01
-1.223104662209568427e-01
2.276996943602190293e-01
-2.739621350488995466e-01
-2.683729899835178290e-01
2.888193148587930859e-02
-4.645371338109238746e-02
-1.198471817070709544e-01
-1.665763649217180953e-01
1.121920217036603828e-02
-9.332431462789744780e-02
-8.106519772633491439e-03
-2.087503418024200252e-01
-1.798363902952855586e-01
1.265955161289846198e-01
3.027761065474949276e-01
-1.912480389998694186e-03
-2.410308469896567385e-01
-6.555542273987943758e-02
1.398200831612957939e-01
-3.948144866704594858e-02
6.579740445526061077e-02
2.264188468173253255e-01
-1.997410452094355304e-01
4.628115254766418385e-02
2.707788710558318157e-01
2.340614760949228379e-01
2.818872147279216089e-01
8.491595470463964013e-02
2.998841880313146135e-01
6.267698665195975405e-02
-2.473204379946690734e-01
-4.998092048756991312e-02
-2.383483798820651423e-01
-2.058777636067884442e-01
-2.881455674426186553e-01
2.608178366776323087e-01
-3.041352317079343837e-01
-1.786211774966306176e-01
2.586365789731764342e-01
-2.058953511941040426e-01
3.329256126536161986e-02
3.788740395035578024e-02
-2.588095035567172797e-02
-1.485058222428342622e-01
-1.110291605655054359e-01
9.445697811209857742e-02
2.073678844120730447e-01
1.131495393024519180e-01
9.854378262426843893e-02
2.809029212693268662e-01
1.244990240810902038e-01
1.944630042340909637e-01
-9.791900557578114839e-02
-9.520705567110113177e-02
1.187987152404880176e-01
2.547113296313226471e-01
-3.865170382235022517e-02
3.097046746741743961e-02
-1.994630627982909576e-01
-2.253429465957078326e-01
-1.908995867629199039e-01
1.621325328211787320e-01
-3.145993789050838263e-02
-2.555406135527038547e-02
3.048016805814429131e-01
-1.301118019464139186e-01
1.076070308234210460e-01
1.208542116909283037e-01
2.123285319149555428e-01
1.528342913845200379e-01
-5.320246969580350038e-02
3.949965445807396280e-02
1.312136817451728388e-01
9.935980475568023662e-02
2.822722047680935042e-01
2.639024477329480756e-01
2.379082310369951547e-01
7.463368548116722234e-02
4.532021230072347251e-03
2.392096349962243296e-01
7.959416254296619586e-02
-1.363173205060513871e-02
-2.890010720400409405e-01
-4.826172066225264956e-02
1.679432228148808326e-01
-1.043144455763728162e-01
-2.782207214137253914e-01
1.470411203389084265e-01
1.858710602141156465e-01
-2.057054248484261882e-01
-2.712022585811955100e-01
4.554591612790359623e-02
2.784134004047900679e-01
-2.770766227857118791e-01
-1.792138695855672592e-01
-1.106267355870693692e-02
-3.774830803265344370e-02
-2.708291093186057097e-01
-1.158474809621275192e-01
-2.285437615298182290e-01
-1.411116541255527657e-01
2.404136110974138263e-01
8.994770435909871242e-02
-8.653945896455975118e-02
1.768471612882380750e-01
2.894315288165066336e-01
1.673333655093262040e-02
-1.093347040152156946e-01
-1.569095777593245145e-01
6.790689283907780371e-02
2.032902260048966014e-01
8.322039194466057666e-03
2.198473983771923046e-01
-1.412913967108844482e-01
7.135414090951108790e-02
-4.372703527844834515e-02
1.202562431574678570e-01
3.937091654378332972e-02
3.527851838241446991e-03
2.172762279952861753e-01
1.896842461424312898e-01
3.982445440863169317e-02
2.668731038026846414e-01
-4.115993094544040387e-02
2.996748809113639056e-01
1.736287709255556200e-01
-5.163952284101219758e-02
-2.388524560387138007e-01
1.286489419576303805e-01
2.416488879408868473e-01
7.844884647895805641e-02
2.429824837565382478e-01
3.511894207682997315e-02
2.049975396533281757e-01
2.248661350112134971e-01
1.315906251030365959e-01
2.795413309551394998e-01
-2.446425312478881231e-01
3.636199189891775596e-03
-1.390076484201022144e-01
-2.066148700632534640e-01
-1.094302145850310493e-01
-2.656367948704729809e-01
1.400529775968141766e-01
2.841319791035244458e-01
2.794184462961601390e-01
-6.487977999144306507e-02
-3.909294219608849819e-02
1.809792194305686608e-01
1.795394479172984781e-01
2.271923228291192198e-01
7.949755051195583899e-02
1.601633949137925006e-01
9.851764873906043718e-03
-2.182149602590266468e-01
-2.758407013069119618e-01
-5.438030891222900287e-02
8.459634015972605781e-04
4.006702944577400505e-02
-2.955771751107603706e-01
-8.980865839814830554e-02
7.152956790272874121e-02
1.067465135041928415e-02
2.898896393087105339e-01
1.010699845152015497e-01
2.309128825110179362e-02
-1.361200934770000204e-01
2.573862502616012793e-01
2.833036989845724718e-01
2.944216840702341131e-01
1.618093328021963373e-02
7.653863156495388509e-02
-2.306336006703721409e-01
1.816075713871441177e-01
-1.790093976785547270e-01
-4.674003266511939092e-02
-3.037341481495055007e-01
9.880797757543446913e-02
-8.807787690405788350e-02
-1.924447807017941048e-01
-1.903591449161662896e-01
2.642772472511287218e-01
7.143105909950142607e-02
2.483378572750793989e-02
-1.128825971537884831e-01
-7.300585341105383930e-02
-2.111064456154061741e-01
2.987500781615601286e-01
2.065763276810363425e-01
-2.966511589047666209e-01
2.224243420751199074e-01
-7.681047026120882415e-02
-2.605688074750119876e-01
3.574095120144010762e-02
2.744666444746007294e-01
-5.424153874657999808e-04
3.006606052838478038e-01
6.529338589788435954e-02
-1.682885524258378729e-01
-1.614195324419786248e-01
2.252036703360182357e-01
1.921411436020620256e-01
-1.921874697466730009e-02
2.250264509985709371e-01
2.347795669837166033e-02
-2.016554995113610249e-01
-3.003863335475435159e-01
6.106035411807375635e-03
1.645911534025986112e-01
2.178200233874975633e-01
2.347119339518913272e-01
1.817306122683834402e-01
2.015977440805808985e-01
2.587066369827178414e-01
2.999773854830296016e-01
-1.621709598432378718e-01
-1.243285443253079880e-01
2.353702400263475991e-01
1.121823335642116448e-01
-6.228864131499223245e-02
1.187932929261567572e-01
1.302794674048740053e-01
2.799341330877562206e-01
-1.752235426083137981e-01
-9.311290386926504570e-02
-1.890300028047368075e-01
2.978618525390178129e-01
6.051273880049878873e-02
-2.156416613415944594e-01
-2.061862347706898690e-01
7.073110766236062608e-02
-4.175748931023004484e-02
2.815980763180302993e-01
6.600249710118694102e-02
-8.616396738316356441e-02
-1.140472197441805835e-01
-8.676012849453978992e-02
-1.384767035701212068e-02
-2.189113578470214816e-01
2.860538293766174411e-01
-5.035305709744208880e-02
1.141107835456334763e-01
-2.511519953317425391e-01
3.578053567131900259e-02
-1.598929689858435976e-02
2.360881457671022976e-01
2.019602086460492996e-01
-1.905380045735837191e-01
2.820376602199934912e-01
-2.876341816781559646e-01
-6.260680862309897510e-02
-1.060566700873478430e-01
-2.206378749116273963e-01
4.146718446849578799e-02
1.549506535808424235e-01
8.214578936291727640e-02
-1.241136853552811115e-01
2.261280476654866090e-01
-1.014536555993507672e-01
-4.255034958464259942e-02
-1.946287448770712691e-01
-1.634424120384908585e-02
-2.434170921615061989e-01
-2.542781333885494877e-01
2.863242119758318549e-01
2.762474546517052487e-01
-2.910565031761414567e-01
2.815775374566297784e-01
1.853968167196967110e-01
1.381900844985435861e-01
1.780077045696097371e-01
-1.558021707940471234e-02
2.277133861228281542e-01
1.953726195874407323e-01
-1.295357374785987559e-01
2.425796064414498798e-01
-1.728018259563290915e-02
1.772859615052329030e-01
-7.841211342518006333e-02
1.401984487496084619e-01
-1.275869510723638134e-01
-1.762821252833418617e-01
2.719579309492838326e-01
2.921646557457025506e-01
2.250174650508077190e-01
-3.043591087484266988e-01
-1.519361343800773589e-02
2.146415175493487371e-01
2.464719142468933533e-01
2.930501295864418876e-01
-1.538966972880645434e-01
-2.344971828434812555e-01
5.974965478670879460e-03
2.217737306473951953e-01
-2.167155811432133206e-01
-9.344061626408656229e-02
-1.542310546292240125e-01
-1.890789131261613742e-01
-1.372852778125337736e-01
8.020006282943525910e-02
1.684896918372445485e-01
5.840930648372583134e-02
9.400008025249095844e-03
2.316656834082579386e-01
2.974292681651034553e-01
-4.803703072430459686e-02
-9.617243322616259027e-02
-2.193023173703361195e-01
1.532182876039015484e-01
2.577007303082533007e-01
-1.652699235391902888e-01
2.573957026871739884e-01
-1.942881023653391659e-01
7.341231439741641163e-02
1.386076535693874789e-01
-1.548808272892777116e-01
2.321005794879307804e-01
2.883158564527485423e-01
-8.090110312367432277e-02
-1.137080927493756555e-01
-2.414792404371068901e-02
1.563826002901964052e-01
-5.299708579644551998e-02
2.939438112938617675e-01
-1.183662291335242644e-01
1.081504347938319621e-01
1.403085870099868293e-01
-2.700278304081785152e-01
-2.140206776282777001e-02
-8.753575356492884763e-02
-1.021172424266033329e-01
9.256934420681345310e-02
1.831991536363432038e-01
-1.444295142863094572e-03
2.190357818372946075e-01
-2.780849087708832101e-01
2.481064804267831270e-01
-2.304976775016377988e-01
-2.962225099539462780e-01
2.121116261598371966e-01
-2.088628818909793461e-02
0.000000000000000000e+00
0.000000000000000000e+00
0.000000000000000000e+00
0.000000000000000000e+00
0.000000000000000000e+00
0.000000000000000000e+00
0.000000000000000000e+00
0.000000000000000000e+00
0.000000000000000000e+00
0.000000000000000000e+00
0.000000000000000000e+00
0.000000000000000000e+00
0.000000000000000000e+00
0.000000000000000000e+00
0.000000000000000000e+00
0.000000000000000000e+00
0.000000000000000000e+00
0.000000000000000000e+00
0.000000000000000000e+00
0.000000000000000000e+00
0.000000000000000000e+00
0.000000000000000000e+00
0.000000000000000000e+00
0.000000000000000000e+00
0.000000000000000000e+00
0.000000000000000000e+00
0.000000000000000000e+00
0.000000000000000000e+00
0.000000000000000000e+00
0.000000000000000000e+00
0.000000000000000000e+00
0.000000000000000000e+00
1.182274987642842334e-01
4.130277907627238898e-02
2.688649022710902226e-01
3.878239642569688006e-01
1.325688769728033400e-01
1.883233873958402582e-01
-3.201509919194712173e-01
-1.581821047044843498e-01
-7.613964470676309881e-02
1.157147356029946672e-01
-6.967651267587110508e-02
1.344576302909002430e-01
-1.917365012105397282e-01
1.913517836965689667e-01
-3.188508441142357541e-01
-2.679206067828170945e-01
-3.832008307642222333e-01
1.439437509463346587e-01
3.734883022682803921e-01
-3.414333850421910066e-01
2.579764134175295820e-01
-3.789752415254421525e-03
-2.267215031379244683e-01
1.460558649763868400e-01
9.271957810403058664e-02
2.324389436733880765e-01
-1.594450243812829404e-01
-1.374521804183286289e-01
9.493099913395497413e-02
-2.789661979207367914e-01
3.208318744096066433e-01
-4.268825225921479838e-03
-2.995739157311990697e-01
-3.877259123134974561e-01
3.808693044708293951e-01
3.053489023294813642e-01
-2.390548643101987891e-01
-3.156249217918352667e-01
-1.397474455365399493e-01
-2.280746670703921453e-01
-3.761459053868926872e-01
3.512952361601389684e-01
1.695066105359325781e-01
1.045058043487129829e-01
1.619007454755107545e-01
5.614029148733290508e-02
1.426288220610131829e-01
1.234082495909215038e-01
3.567802474117064970e-01
-9.351907875220177857e-02
1.771053912336558178e-01
9.823958588235148781e-03
-3.728794813386188123e-01
4.006026844336302295e-02
-3.599252176103958645e-01
-2.051310062816182334e-01
-3.668001276641742470e-01
1.778308512847285860e-01
-1.283426235580755748e-01
-8.671859398312820044e-02
1.970560320358823447e-01
1.597809477899347352e-01
-1.106956825727754001e-01
-2.923420701934089094e-01
-3.699356538072988698e-01
-2.367906135327217387e-01
-3.893332411892606038e-01
1.257905414767054864e-01
-6.440173890366207576e-02
2.486306020766861358e-01
3.681498458152285269e-01
-3.419256325055937129e-01
2.987608710128429323e-01
-2.470534257257373245e-01
1.954444610136157334e-01
-2.503976845012555463e-01
-2.488269991382101864e-01
-6.234856394444598937e-03
-1.789867255499683896e-01
-1.916995910997822683e-01
2.868864643755703048e-02
3.725960084108476122e-02
3.444368071380050078e-01
-3.826107943986065685e-01
2.543679147179988553e-01
-3.867186031345097863e-01
6.813999439108042733e-03
5.463575630969319530e-02
-2.934978286096650013e-01
6.512548790851446778e-02
3.479463336964692677e-01
-1.590998749461551565e-01
4.931705846519157665e-02
-1.744065859131438689e-01
3.704318231882355872e-01
7.208632557564675913e-02
-2.272113676251835690e-01
2.246847426901094069e-02
-3.004383786848541793e-01
1.275309043658726105e-01
8.683207153008887236e-02
-3.750474051691679023e-01
1.167489049063382134e-01
1.910687677680347751e-01
1.793564716819595617e-02
-3.965738715669583914e-01
5.448861450637426662e-02
-2.680938451019970192e-01
2.932146289749239521e-01
-1.075663686015904674e-01
3.236995779171916721e-01
-3.299966426848785495e-01
3.511578511352647647e-02
3.330686339473016289e-01
-2.180609911375127052e-01
5.398389594739694264e-02
-7.394462236700882762e-02
1.745298077862034725e-01
2.566974482406611524e-01
-4.100904961497625623e-02
3.341624361463835791e-01
-4.505349212883891230e-02
3.026750005741108418e-01
2.804054568256847957e-01
1.364099883079553099e-01
-1.903250464730672220e-01
1.494322012712841485e-01
3.703369341884397703e-01
-2.601424266483236547e-01
9.324245079257625912e-02
5.287760730434520884e-02
3.434450658191353090e-01
-1.332023374043483921e-02
3.505445581988049786e-01
-1.374826801972582335e-01
2.066928238209124191e-01
8.819906096919083449e-02
2.035212835840883305e-01
1.943741540984240124e-01
-3.037173449767372468e-01
-8.973636881896196460e-02
-1.714446440085399814e-01
-2.292218352914578705e-01
9.884541926207601747e-02
-2.771617196243974512e-01
2.349572548801064920e-01
-9.122371797139772198e-02
-2.594835340990430117e-01
-3.603588326488987303e-01
-2.297562741845715906e-01
-1.918960705541956635e-01
-2.698749379919750946e-01
2.842596989858309775e-01
2.633199541672332500e-01
1.160067014888160331e-01
-1.073070164587743291e-01
-2.383993616943247962e-01
1.420677971939609541e-01
3.680900841477579566e-01
2.228325304895228398e-01
1.224017047877449804e-01
-3.162770001669915065e-01
-1.925087225692703741e-01
3.748082000155748550e-01
-3.834089149651954131e-01
-2.744994109798746251e-01
-2.115653404173090668e-01
-3.322890008992380184e-01
3.696905962000574530e-01
3.729554329076179564e-01
9.660738809615737610e-02
2.318780419223892553e-02
-2.792988591553893230e-01
-1.813665425029542255e-01
1.510531034589921995e-01
3.552835959718889103e-01
-2.053257859536769814e-01
-2.181644465946162570e-01
3.830920260581822112e-01
2.106986706252800823e-01
1.533210523969139039e-01
3.257081952851310080e-01
3.640812641902641533e-01
-1.389736233074596039e-01
3.525057741387389032e-01
1.718588948248913062e-01
-2.475492342598367701e-02
2.290019127721698022e-01
-3.468148689529824136e-01
-1.601466166507046207e-01
-1.305819081362014633e-01
-3.769000250176838818e-01
0.000000000000000000e+00
0.000000000000000000e+00
0.000000000000000000e+00
0.000000000000000000e+00
0.000000000000000000e+00
0.000000000000000000e+00
0.000000000000000000e+00
0.000000000000000000e+00
0.000000000000000000e+00
0.000000000000000000e+00
0.000000000000000000e+00
0.000000000000000000e+00
