-3.200339992814010825e-01
1.017347269910847118e-01
-2.274669138698279247e-01
-2.882603790934524790e-01
-1.366955907518143665e-01
2.718361918117555565e-01
3.333446206942977108e-01
-1.793024696673764795e-01
-7.500099150907357792e-02
-1.857868789819242250e-01
2.452674677975565931e-01
-2.447861312505571485e-01
-6.327880338798702597e-02
2.070375916062052735e-01
2.699173265053506077e-01
3.208919526294072844e-01
2.477288841534593944e-01
6.790770090403297488e-02
3.063916893000189212e-01
1.209529204690612536e-01
-6.052165093160832843e-02
2.972458082030116078e-03
-7.283494258319933579e-02
-3.196272416584794440e-02
-1.173239408190432376e-01
-1.486460467161340171e-01
1.944743795266113962e-01
9.233335688244731498e-02
2.044686928492078781e-03
-3.215236833179598297e-01
-1.822257364718626593e-01
-3.182240142184865062e-01
-3.185042688046508252e-01
-8.305542699298423814e-02
-1.292697162632205909e-02
2.929911753114733397e-01
8.580923388970296273e-02
-4.196080121174278199e-02
-5.437006617693174171e-02
-5.561287796763397795e-02
-1.326949095724739569e-01
-1.894249904147516372e-01
3.381802514339440346e-01
1.589698158077806900e-02
-1.611296140641171881e-02
-2.796093826204976152e-01
3.147108577535479013e-01
2.756240391054604055e-01
-5.669056548821105324e-03
2.014722484323122620e-02
-9.789351830825424039e-02
9.066138391274175534e-02
-2.137567760993104027e-01
2.599586238542039851e-02
2.375433012014946943e-01
-2.822739561502403682e-01
-1.392172123134688688e-01
-2.703617462651966008e-01
-3.179757262419719011e-01
6.896850850852953574e-03
1.656865818485225850e-01
-3.039611279666966093e-01
3.349293621948340460e-02
-2.985113718578251696e-01
1.529854269845679071e-01
5.306600510344106070e-02
1.591657539577587821e-01
2.790587629413996407e-01
3.355773861099125011e-01
1.862147066933839135e-01
1.260969093046945821e-01
-3.252422961488005693e-01
3.041956935147009933e-01
-1.019992515380777620e-01
1.443483873982083221e-01
-1.503647743827233318e-01
7.828310386168996216e-02
-2.834945315417133349e-01
-2.515548868054591214e-01
2.239397094365102037e-01
2.853616862695600442e-01
2.015585708314615587e-01
3.027936185899267052e-01
2.882779027621853452e-01
-1.696789507998296420e-01
1.930062586766820854e-01
-5.536755749044319774e-02
-3.281558516255274616e-01
-2.092998870923318822e-01
-2.574535093407267494e-01
2.053563584511970408e-01
-1.996919272177614946e-01
-3.249322503075148805e-01
5.929211433944020504e-02
1.680438855078738580e-01
-2.364840054412118420e-01
-1.089315149823479323e-01
-2.557552207144484502e-01
2.614748551893264494e-01
-7.690602125716333726e-02
1.811612474519188609e-01
-8.102825748062453259e-02
1.812493510189125967e-01
-1.157901523261406496e-02
-2.443247077389775201e-01
-2.163016896036413506e-01
1.979963828056842123e-01
2.262888632328448058e-01
1.190048404853124020e-01
-1.192072798513658383e-01
4.867475084758327020e-02
1.250178036677250804e-01
2.139536987565030524e-01
-1.184116555267226423e-01
-3.373992010108557427e-01
-2.203081255502780667e-01
-2.956293930091629107e-01
-2.060762571726554027e-01
-1.458009165274387620e-02
-2.806440222083946279e-01
-2.448129073112081389e-01
-2.621247783167620637e-01
2.917761108909079359e-01
6.305489721246232415e-02
2.190646780874200283e-01
2.873124367079481489e-01
-2.787975643201118237e-02
-2.870999874356395254e-01
-2.578689753725854072e-01
-2.511645538918312326e-01
8.300959138133806592e-02
5.975395505950664710e-02
-3.014900695456108615e-01
3.270129565240748049e-02
-6.113589347977949062e-02
2.266940706948921136e-01
-1.990077852379266155e-01
-3.125529559509468425e-01
-8.088976922141355441e-02
7.050080840370842594e-03
-5.214182417892321286e-02
-2.605423335523826545e-02
-8.178160437534454097e-02
-2.878131199486769209e-01
3.339310890423280442e-01
-4.558890795433212517e-02
-9.155688925723085014e-02
2.731031126900879125e-01
-2.003060687352019031e-01
4.526382184552563137e-02
-2.451834834455374756e-01
1.165351932340413788e-01
-1.199974245363291669e-01
-2.997258393062464110e-01
-6.555818175183536489e-02
6.276152324271622174e-02
1.545608929448578639e-01
-6.307338196095441107e-02
-5.742745532977716616e-02
-9.929591669835399759e-02
2.193973662620661846e-01
4.580348546180174063e-02
-2.083178967474034748e-01
3.190474658115037832e-01
3.035428858876716429e-01
2.079915557588554176e-01
-3.167574711681735433e-01
-2.640381556550082109e-01
8.743766884527409688e-02
9.177368472997166071e-02
-1.005735901207799876e-01
-1.968985798283809652e-01
1.180274100028213535e-01
-2.919081847267775975e-01
1.325312437453067815e-01
1.207836376908699716e-01
-1.103176132267754406e-01
2.897098561232732683e-01
-2.111076246846185500e-01
-2.818356146703179799e-01
-1.628298463808663388e-01
2.081881224473690617e-01
1.519971630380987926e-01
7.980667827409682058e-02
3.264525744207193991e-01
2.188958382269623471e-01
-2.465834407560168751e-01
2.989070313826603931e-01
1.965120969052096545e-01
1.654450897077949234e-01
1.571271251320474072e-01
-7.925336861877163575e-02
1.343115964481253477e-01
-3.055843206426224756e-01
-1.331071379723239578e-01
5.553011773348559554e-02
8.425038163689146931e-02
-3.134224350028448347e-01
-2.663767421719830386e-01
9.462322212900897700e-02
2.933241730367589506e-01
-1.043429588289785381e-01
-2.498985308392772109e-01
-8.154634848544151104e-02
-6.579959917659977675e-02
-1.929794105459696207e-01
-1.261553616420149904e-01
-2.955590525593490558e-01
-2.256561528539180461e-02
-1.705205585743579111e-01
-3.371355518678759711e-01
1.760724633747114964e-01
1.984908903725478568e-01
1.894181908460463859e-01
1.871106963427952019e-01
5.572055103716744284e-02
-3.262363736191973840e-01
-1.660806708321178327e-01
-7.772927675779217616e-02
-2.725703807975330406e-01
9.863417396958057415e-02
-8.466621638935289962e-02
1.966749172453676753e-01
-1.862597781125313601e-01
-3.255012385617306325e-02
5.007993716065800571e-02
9.839443358489519120e-02
-3.097715327968748600e-01
-1.428524877513897007e-01
8.306019833887201553e-02
1.309399700410934786e-01
1.927308317803354543e-01
2.193541693786047464e-01
-2.055880703049423053e-02
-1.294167801297303744e-01
-9.997544487999593388e-02
-9.789079103169739948e-02
1.164823091183559978e-01
2.249731781132447983e-01
2.764726032116848753e-01
-2.205799900422937276e-01
-5.054261436016943554e-02
-1.525288593034135332e-02
-1.259622329228454185e-01
-1.405055128167383705e-01
2.243469080603834875e-01
1.042586592751540420e-01
4.358956861721247078e-02
-1.412861600886944347e-02
-3.222192164993875063e-01
7.395365175884538456e-02
-1.285587567080841154e-01
1.574430955348732897e-01
-2.974479048069966769e-02
2.713255106232200786e-01
-2.966168863612354545e-01
5.279354415152870406e-02
-1.278884824754419058e-01
3.123617787975538906e-01
-3.041667399472721689e-01
2.712506507655846333e-01
1.270748000686371948e-01
1.975118606517678455e-01
-2.697027522486470930e-01
-2.770233968230126909e-01
-1.913169485605046571e-01
-8.904196268586644925e-02
-3.258636739788223768e-01
7.578451265868313413e-04
-2.182945629273800869e-01
1.686014968457840713e-01
1.634198585060847586e-01
1.834219233094906976e-01
2.213325218542888662e-01
-4.476623145445429719e-02
2.476505254421303981e-01
3.357625271926606425e-01
2.569390642705493555e-01
1.411343533513811366e-01
1.133866824458273914e-02
3.239670716727820476e-01
1.138952862762726559e-02
1.894326758019662105e-01
-7.677242902143865955e-02
1.703693629599067894e-01
2.389861169637721439e-01
-5.788758292304851949e-03
-1.049423077164268747e-02
2.038829529905410443e-01
-5.352106345951307409e-02
-1.941272019335764931e-01
1.839238166387046070e-01
-2.000718891965389268e-01
2.248422315678078043e-02
-3.278155693739882026e-01
-3.148458003445911979e-01
3.585274838454199919e-02
2.316200591227945971e-03
-1.753876206822565786e-01
1.893383049423055242e-01
-1.188797112951925361e-01
-2.638722977517065083e-01
2.592991686068450985e-01
2.774836819735005955e-01
3.204517690883084136e-01
-4.587984168665265594e-02
-2.844107888733537481e-01
-2.291938855564773780e-01
1.662870067317643308e-01
-1.330429375792635538e-02
-1.215164281391985790e-01
2.815585753434191041e-01
-2.782167786338970994e-01
8.005790392219896967e-02
-2.982423929742294977e-02
-1.321827159392937601e-01
5.163943521027963834e-02
-2.121848298489578954e-01
-2.195709218925436801e-01
4.485166045272714896e-03
4.981727698630894485e-02
1.661853871191538712e-01
-3.124442323769149876e-02
2.651372732075135685e-01
-1.407028107752185675e-01
2.759795000142877264e-01
1.618265029087996298e-01
2.367908931207328704e-01
1.424858298581426763e-01
6.972598656268641504e-02
2.655450311400103791e-02
1.562080917541258662e-01
-1.532423530515105714e-01
-1.399026014942346130e-01
-6.016629541499907141e-02
3.199178157558321134e-01
7.213559107966688311e-02
-2.577690681591616739e-01
1.302535421955683947e-01
-2.097805400135588083e-01
-8.763929304381590235e-02
-3.343192836181748673e-01
-2.283420659265144037e-01
-1.370087459529467644e-02
1.995205869614924410e-01
-1.819550238748166848e-01
3.004085598473031915e-01
4.618441665295885956e-02
-3.034571276648203031e-01
2.291339624142194609e-01
2.792327040232908120e-01
-1.401887787616660497e-01
-2.921366687805732054e-02
2.543940251927848673e-01
-2.203691665973424030e-01
1.730660622100121948e-02
1.875452550061001977e-01
2.229329146603120648e-01
2.418957192667678946e-01
-2.232216302645020911e-01
-6.721112881963631214e-02
-2.976871594916800645e-01
3.354016087048233841e-02
-9.755442884902235101e-02
-1.868619381334433727e-01
-3.310925257146143386e-01
3.334300442579128942e-01
2.884085632426082180e-01
1.724607571578679055e-01
-3.279243389309370871e-01
-1.735890325862914918e-01
-2.721833280160880220e-01
-2.426922874951714937e-01
7.790573411171675122e-03
-2.117276220518132246e-01
-1.899016735029768477e-01
-9.011370750014519038e-02
-1.191526622732089202e-01
1.039498343077406295e-01
-1.070463051570920421e-01
-1.666796732025158378e-01
2.134842482835389577e-01
-2.607631591127738124e-01
8.082082572920951113e-02
-3.755120236323694627e-02
-5.005672781907410940e-02
1.544424929820366610e-01
1.162056083181363664e-01
-9.206064058789842353e-02
-2.230235725522677903e-02
-2.376076686447364250e-01
1.028740265593835468e-01
1.416847875625239506e-01
-1.784970012225803038e-01
-3.177710469239387603e-01
2.210368327832309410e-01
-2.160371729887474723e-01
-5.840713693602628265e-02
-1.344172051056470862e-01
4.964467630081842442e-02
1.714789847604094586e-01
6.933569333928546463e-02
-2.243213159951676361e-01
-1.967225229015312493e-02
-1.643073502209377590e-01
1.195416579211528441e-01
-8.909647409477972069e-02
-8.768937853697755802e-03
-1.983677309051501136e-01
1.765584560915840484e-01
2.260086745307946510e-01
2.824752060840010071e-01
1.068256087957398792e-01
-2.274078385206310671e-01
2.478517660632126862e-01
-1.338104353374225397e-02
8.457448445667414827e-02
-8.979489278648775108e-02
2.438300516958953335e-01
-2.305950699825826122e-01
2.781139472556438674e-01
-3.006314042006369425e-02
-2.941382084065942704e-01
-2.221460891195766729e-01
-1.272943590815261983e-02
2.052897205051981144e-01
3.377284957280799471e-01
1.709456315440520680e-01
2.969424099558787278e-02
1.880203751428063397e-01
-1.100837990395431287e-01
-4.510821091963895801e-02
-2.578851897907535884e-01
-1.042606733616228132e-01
5.609448632149155456e-02
2.733810351165674168e-01
-1.484008141344381193e-01
3.125287124687933238e-01
2.411666921718125245e-01
1.494257521125230137e-01
1.054289217528970313e-01
-1.033058814766879552e-02
-2.044656555501020156e-01
6.364300606646500214e-02
-1.640726434827476099e-01
-9.328922850816712131e-03
-3.023367465641946250e-02
-1.200144953353246835e-01
-1.899313261159218114e-01
1.089581004636677730e-01
-3.237631019315682090e-01
-3.228734383770343053e-01
-3.317539847375733930e-01
1.012739088515461905e-01
2.113254238470796409e-01
2.385512275637924340e-01
-7.323966099726725298e-02
2.275494329269622806e-01
4.443427248891429482e-02
2.854201894761939640e-01
-3.300101914398662628e-01
2.953131163923667923e-01
-4.862472920212146388e-02
-1.968822959961504249e-01
6.541544511546276697e-02
-5.111048840209853061e-02
2.692955161185639490e-01
1.253877882083484496e-01
-1.954815676900516497e-01
1.580772863305077713e-01
-2.454591782820920165e-01
1.093951045259614063e-01
7.804528443993935527e-02
2.036277940412224430e-01
-8.811198649460388888e-02
-1.220155747136980051e-01
8.587677966814261099e-02
-1.794121544659503242e-01
2.311862217754815374e-01
-2.448321700035599180e-01
-1.409922538320828589e-01
3.197518323355758030e-02
-1.832264428316002225e-01
-3.188134769569472837e-04
-1.399842955718464677e-01
-1.856924471436853241e-01
2.537896658135828654e-01
-1.675917940111697757e-01
2.558573928171992140e-02
-3.279763203821584039e-02
-2.890922140200397061e-01
2.486672076648102081e-01
-3.320615840622820336e-02
-2.351055143118213620e-02
-6.341106875392282793e-02
-3.379531712734122340e-01
9.074448700934911738e-02
1.650609343893572056e-01
-1.207747309373351785e-01
-1.021215924292321886e-01
-2.778226118382529641e-01
2.854348172580420950e-01
-7.374964683216950201e-02
1.058621069435161655e-01
3.886954986964163972e-02
-1.115254802496968567e-01
-2.759667955066948397e-01
5.487139566682885938e-02
1.216832556482978500e-01
-1.056776610010870532e-01
-3.091895281617007551e-01
-1.637371315084573953e-01
1.039317856017100139e-01
-2.450827499063542581e-01
1.037526138388699115e-01
-2.290569628392546686e-01
-1.285955268871005475e-01
1.865314631602195128e-01
8.757437284182767456e-03
-2.195293580176227444e-01
-2.270303300588116802e-01
-3.355226421185004693e-01
1.951594945670078740e-01
2.142909820404172994e-01
1.374870903530166499e-01
3.804699906560415901e-02
2.720570647829626543e-01
1.121306363147457352e-01
1.084157973452935519e-01
-1.266614404368417990e-01
-4.211682176341735584e-02
-1.735231161130104394e-01
1.662517349925551891e-01
6.858288537126994155e-02
1.789902756839845122e-02
-1.263059217291805925e-01
-3.077278165320401770e-01
2.802189882617258654e-01
1.225290463269247399e-01
-8.675384422063558976e-03
-1.030132429642367509e-01
-1.680899787610483920e-01
3.208532238116509339e-01
1.042814831172872436e-01
7.421120106541223560e-03
2.214066556628182525e-01
1.834196500504285954e-01
5.504246427484094095e-03
7.480716794414399295e-02
-3.352123983253575412e-01
3.875052717544752445e-02
-9.637899425889365213e-02
-2.820408795112655520e-02
-2.931224875226182136e-01
4.455477578181543663e-03
2.053213418155148684e-01
2.588127486000926236e-01
-3.028547715129407125e-01
1.765777582967115178e-02
-6.770544085007362822e-02
7.817182477298723065e-02
-1.919807469830301094e-01
-3.309942298004108774e-01
-6.811050872250440369e-02
-1.569833742431587242e-01
2.003690862621052560e-01
1.827278773024637593e-01
1.930539612934547566e-01
2.340707363564678012e-01
4.864425099070174285e-02
1.937576374344984753e-01
2.925164993188709150e-01
1.953745054263960057e-01
1.115858471445557720e-02
6.053266236537657718e-02
3.382522647972304730e-01
1.879772185481251023e-01
1.641365259629029572e-01
9.886771049818254831e-02
3.304339758732790511e-01
8.131289596492613514e-02
5.655575707541421471e-02
2.710759398029282119e-01
-6.168354909002188302e-02
-2.317924285683008456e-01
9.390795400315210539e-02
6.762525842628597239e-02
-1.633671681337453274e-01
4.249221284294102396e-02
-1.626515205433813616e-01
6.339568408611856443e-02
-2.942347329471307615e-01
1.151246364438973657e-02
-1.193459385015726570e-01
2.532787864446605086e-01
-1.749843160029702915e-01
3.196520413457858423e-01
3.018704292799851974e-01
3.108242192566988971e-01
-1.709896963979532780e-01
-4.762909847981539047e-02
2.395041196063740774e-01
-2.967760788403466798e-01
4.980074827784858327e-02
3.381561830390512613e-01
5.389431973162173151e-02
-2.981291071527233383e-01
6.212078139353705009e-02
3.061436518619248259e-01
-2.641839996031785653e-01
1.739582064513178761e-01
2.823379538185648574e-01
4.879139618890726560e-02
-5.707178821937453073e-02
2.462307866355458730e-01
-1.858072548183981598e-01
-2.416971786213151230e-02
-3.204362257392073809e-02
1.883164199698350583e-02
-2.218328682459931311e-01
-7.737222929283615880e-02
9.631583303273005825e-02
-3.386950813983655717e-01
2.791807988477388314e-01
-2.873424917526308797e-01
3.057406783954876861e-01
1.402008414754336019e-01
-2.429208607659383845e-01
2.815126690650447960e-01
3.084704745123353353e-01
-3.201788530650924169e-01
-1.736468229307610023e-01
-2.979737207661380394e-01
3.324091497852372790e-01
9.561789483328864137e-04
-1.228399274943582919e-01
9.597034099889639736e-02
2.218783574106423240e-01
3.271351110257271211e-01
-2.816878652575309783e-01
0.000000000000000000e+00
0.000000000000000000e+00
0.000000000000000000e+00
0.000000000000000000e+00
0.000000000000000000e+00
0.000000000000000000e+00
0.000000000000000000e+00
0.000000000000000000e+00
0.000000000000000000e+00
0.000000000000000000e+00
0.000000000000000000e+00
0.000000000000000000e+00
0.000000000000000000e+00
0.000000000000000000e+00
0.000000000000000000e+00
0.000000000000000000e+00
0.000000000000000000e+00
0.000000000000000000e+00
0.000000000000000000e+00
0.000000000000000000e+00
0.000000000000000000e+00
0.000000000000000000e+00
0.000000000000000000e+00
0.000000000000000000e+00
0.000000000000000000e+00
0.000000000000000000e+00
0.000000000000000000e+00
0.000000000000000000e+00
0.000000000000000000e+00
0.000000000000000000e+00
0.000000000000000000e+00
0.000000000000000000e+00
-1.417574219073925168e-01
-1.199568633239098958e-01
1.569310608540719909e-01
2.840400004172360382e-01
-1.198008174538498505e-01
-2.091021264837250593e-02
-2.804508091478750686e-01
2.109327959304416189e-01
-2.145717110517961768e-01
1.657280252208320759e-01
1.448862781375686581e-01
-6.782821091649485212e-02
1.567812075618261192e-01
1.166992279163624469e-01
3.217705433596423914e-02
-4.096872490538772116e-02
2.185303983858480348e-01
-1.157987795516041141e-02
2.695534498722731986e-01
-2.325332076440767837e-01
-2.252726722821283278e-01
2.643187571580163375e-02
-2.782642880752682069e-01
-1.515906747996504933e-01
5.701027301983080386e-02
1.036644083609258860e-01
1.697113379538503497e-01
2.648896322446691598e-01
2.055564768283990040e-01
2.944860070087818582e-01
9.680176731475520491e-02
-1.091897297356891616e-01
-2.187829314724261676e-01
1.073551433395059651e-01
3.361261744145888075e-02
3.493547292324827858e-02
2.907023901955186340e-01
-1.604226826404992479e-01
2.925295634382279464e-01
-2.495014285106995910e-01
1.115265986339368798e-01
4.599193659591205297e-02
-5.750923600573024097e-02
1.291669096787322335e-01
2.888688597859551677e-01
1.958099628623234945e-01
1.786024720391414800e-01
1.688032866978396718e-01
1.577282877295526631e-01
8.176199336031308995e-02
-2.984929898553259076e-01
1.371390132168177622e-01
1.176038460600278279e-01
1.926206639614854166e-01
2.772516760525358115e-01
-8.138267308497695862e-02
5.243532040717940879e-02
2.655688818111301974e-01
1.067356439869591722e-01
-1.180881102280394723e-01
4.317160664240066170e-02
-2.530121811600560822e-03
-1.531282048929341888e-01
7.835854170942457841e-03
-3.050476937068363759e-02
1.039617313337455884e-01
-1.436861124270624734e-01
-1.832759050178781879e-01
-1.067507302835088434e-01
6.161720276099796889e-02
2.566338802138952713e-01
2.941482438113969811e-01
2.394539867471115469e-01
8.877428893192512716e-02
1.042650901499729277e-01
2.901174536687721184e-01
2.683308065955386512e-02
-2.136808770138453051e-01
-2.655220242768885353e-01
-7.506954149077979532e-02
-9.400587416635922122e-02
8.191372030227583867e-02
-1.734985768667271777e-01
-1.647463664459717925e-01
-2.981953827182073358e-01
3.041671818309146791e-01
1.603351589874655314e-01
-2.692718501438892686e-01
7.659599840583175556e-02
-1.798160427144103179e-01
1.260297380480527862e-01
2.028591748469201206e-01
1.136944804216950544e-01
-6.464077478933330512e-02
-9.314518044545411213e-02
2.214638013398502747e-01
-1.881077394759361754e-01
-1.163518571017263803e-01
-9.941432879160952418e-02
-6.924750028080337017e-02
-8.061182716492812372e-02
-8.230271166073879763e-02
6.858566188493198101e-02
-1.428528162879759700e-01
-1.560920256032185816e-01
-2.951575010302683877e-01
-2.346828182931876006e-02
2.151617251675024822e-01
-4.038121541699957184e-02
3.045991482432277020e-01
-1.492158290589494507e-01
-1.090841249377353384e-01
1.634444607588319553e-01
1.297866531585041283e-01
2.061795191872979882e-01
2.944372736328070839e-01
5.425625544022261160e-02
-8.776428213047354765e-02
-2.974393226117778011e-01
7.052346319408447917e-02
2.772797282625500404e-01
2.787102354067892418e-01
6.690387938541564328e-02
-7.017349713127138400e-02
1.619514890999974033e-01
2.495528015102895236e-01
1.203126170469662748e-01
2.546735666995345038e-01
-2.322850246977334332e-01
-2.834161455223281889e-01
5.675792123641060227e-02
-2.150968175147929817e-01
-1.785074032530135635e-01
2.908695243860460189e-01
2.739359834679078731e-01
-2.356684086544485468e-01
2.872299330890892288e-01
-1.495253490067711688e-01
1.068663944360465634e-01
-1.555883988080792868e-01
1.613957854977531303e-01
-6.017839583649114976e-02
2.535706769797307913e-03
1.084671585185983944e-01
2.557640126256097157e-01
-1.354761617755805281e-01
-2.839085498100045735e-01
-1.354589475882567451e-01
1.485951384247115592e-01
9.490240834477631227e-02
-2.126553105325238169e-01
-6.666880374942868448e-02
5.573459670660013687e-02
3.053664611973742615e-01
5.992914117380532257e-02
-1.845922098651467946e-01
-9.290922534686807399e-02
-1.656816116051280652e-01
-1.671274633686121447e-01
8.713652546029126977e-03
6.210654397934961546e-02
4.005634719606543381e-02
-7.896413939069327204e-02
2.353041615767025863e-01
-6.572599758745231724e-02
-1.119542237239969373e-01
1.522472933553949970e-01
2.596738862545172610e-02
-2.692440222665976601e-01
7.417876778462950682e-03
5.506443245285275179e-02
-7.275138031436226282e-02
-1.978026157520130779e-01
-7.035682914065960469e-02
1.280121252221375627e-01
-2.649453461974964896e-01
-6.430328253948283668e-02
-5.295714285308933400e-02
-1.000327154999618162e-01
1.317353703376542562e-01
2.657855047289399697e-01
-2.790936638025401373e-01
7.053064307907286334e-02
3.005475824841585264e-01
-1.889239951937892181e-01
2.761917930207460903e-01
1.915745535548879497e-02
-3.075092428189696303e-02
1.796160012025458386e-01
2.006610593248018826e-01
-2.636926225315467387e-01
2.342662759190152211e-01
1.738528530899179914e-01
-3.062829551513179815e-02
3.274184765804555308e-02
-2.845331668860626717e-01
-1.033183396281026623e-01
-1.971593115842974475e-01
-2.284896438130190610e-02
-6.512491010997195628e-02
1.170265362652520014e-01
3.006995654947726693e-01
-7.169189460432204286e-02
2.889692541412084981e-01
1.480709733546108353e-01
1.162322777678029828e-01
1.669828178232545812e-01
2.116674660853611889e-01
-2.028447875364692843e-01
-8.014750461306621721e-02
-1.030608233868360035e-01
-2.325997214823560810e-01
2.015261423171604283e-01
-1.087128282968026216e-01
-7.514384860965073187e-02
1.307217659030122103e-01
-2.847382621062665709e-01
1.364447928110991692e-01
-4.963979477596952572e-02
8.468371309900657451e-02
-2.591847257385336833e-01
-9.691165844193930234e-02
2.588018639325123105e-01
2.966783187195142779e-01
8.196623377985379211e-02
-3.225779373191112187e-02
1.041916175002157163e-01
-1.673465249521638998e-01
-2.384032425620181694e-01
1.120927331860430698e-01
2.846131791978078751e-01
-3.370204576158014609e-02
1.172277248304683939e-01
1.058879368457508741e-01
1.046992663894322773e-01
1.176608968059385529e-01
-2.595969245362705902e-01
2.554420685880881003e-01
-3.459810733280593853e-02
-2.736498987122687465e-02
-7.475228604375827590e-02
1.403290745035445930e-02
5.764574400222766126e-03
-2.879712163054602980e-01
-1.182426959630374363e-01
2.749331187502003782e-01
1.246250417926658138e-01
-1.575091269356984069e-01
4.098193733825405971e-02
-1.089238558877160534e-01
-2.493298948961016337e-01
-1.017425229402963427e-01
-2.722726065687071650e-01
-2.961964047106743769e-01
2.840916428008677386e-02
2.191072239253296083e-01
2.929886296473688256e-02
7.512025389663862240e-02
1.563501050104995072e-01
2.945523347904208111e-01
1.262921467105351248e-01
-2.112718064081328118e-01
-4.044534209440425743e-02
-2.470393615712002944e-01
-6.732214391727334157e-02
1.272835013257831993e-01
1.858682356556106141e-01
-2.622144469077889450e-01
2.526736339176597901e-01
-2.467162406920923590e-01
7.044359287037205153e-02
2.256170622774950063e-02
1.591326244476833351e-01
-2.946871151959546964e-01
-1.908772053952739745e-02
-2.416368322164863247e-01
3.307871637927739528e-02
1.029319353972256712e-01
-1.817932358255834047e-01
3.019565081509600346e-01
-3.054847959912381783e-01
-1.587230892103684288e-01
2.742776719034951127e-01
8.287087507305390677e-02
2.069458977910826336e-02
-1.366306989253679438e-02
9.330012383624325389e-02
-1.536125420718751078e-01
1.504218355425956943e-01
1.482660064939338440e-01
1.035373524045179461e-01
3.024682079652618039e-01
1.713242482809725908e-01
-2.510582875557815230e-01
-2.675068388263562857e-02
7.890825789137806412e-02
2.454467872857195032e-01
-2.220571887197396732e-01
2.329506458801600677e-01
5.783093187160409654e-02
1.060558913457293473e-01
-1.903093245258366262e-01
2.855327081087248309e-01
-7.787907981698252713e-02
-9.808054184437411949e-02
-1.353412164699761555e-01
3.161600436397865588e-02
-3.369558626861557382e-03
1.841655080712553127e-01
5.568244351009699056e-02
-1.881959935792166805e-01
1.780638357939638983e-01
-1.150762083039638117e-01
2.431554292212573798e-01
-2.998465646646869542e-01
-3.012995605720635850e-01
-2.457767632239223066e-01
2.874469445052407757e-02
3.216012377062704708e-03
5.815499093661535834e-02
-1.480739552192189556e-03
-1.081595332101502327e-01
8.037617427690174621e-02
-2.436201826521738611e-01
-2.935195280295090914e-01
2.402168826648093947e-01
4.354395003560546096e-02
-2.699642182169202376e-01
-9.525416350466070492e-02
1.530122202606005177e-01
-2.069199503416750963e-01
-1.431910823311541570e-01
-2.382317562444603576e-01
2.805682002628884231e-02
-2.576815902822359172e-01
1.718013034956475393e-01
-8.474137396794312327e-03
-8.284097622897051982e-02
2.296571657900423058e-01
-2.652846593402107267e-01
-9.129853224152262303e-02
-2.420524792108431911e-01
3.808688781170205262e-02
5.128213417295479637e-02
2.283500155857220992e-02
-1.106191258409932876e-01
-2.564709521322093289e-01
-2.909849657064466077e-01
2.007279784389818800e-01
-1.911769599255521701e-01
-1.640238512208698762e-01
5.582057147739183378e-03
-3.036729856406203965e-01
-1.501966576121508412e-01
1.705107319819041400e-01
-4.294355886065526207e-03
-7.003852204960742123e-02
-1.196919879862586855e-01
-2.359920815460529453e-01
5.662290699401950622e-02
-1.744880300160893960e-01
2.973649866049832280e-02
-7.372709641498628730e-02
1.823310213291793880e-01
1.143493730100825223e-01
-1.906908384290034730e-02
-1.250291090254233295e-01
-1.102945620486661116e-01
-2.881483179676410655e-01
1.188786665764846040e-01
-2.521013626096597626e-01
9.742130514297564492e-03
-5.472614289724958558e-02
-4.326514048409030311e-02
-2.060475699181131826e-01
-2.898628952616442711e-01
1.934147812715230064e-01
-5.737454379021444950e-02
1.383669484428525775e-01
1.749817832348596891e-01
1.711831912070208572e-01
2.053345605725390155e-01
-6.586864853528234809e-02
1.593052934144842947e-01
6.368032191032013678e-02
-2.634023970730853259e-01
1.979216522686726987e-01
2.220457625356855869e-01
4.034008378351161550e-03
2.292938671787169702e-01
2.224136553036651365e-01
-1.871091949570347079e-02
3.044200213124683141e-01
5.201043399812016466e-02
-5.319890258416420936e-02
2.602481908868402027e-01
1.392378283280899520e-01
-2.708586255164224799e-02
-2.034563672241245236e-01
-1.441271199878567388e-01
1.388867752517195520e-01
2.896459329500689628e-01
1.696272681137134808e-01
-2.381572176136355634e-01
4.687464125539680948e-02
-2.090201471499446573e-01
-1.297783048037158549e-01
-2.883000509459485161e-01
2.501937589440861864e-01
-1.318342007993222598e-01
2.106381424231401622e-02
-1.919807804120037820e-01
8.813469794006917324e-02
-2.777225707134227672e-01
-5.555807957146341458e-02
-2.901971881732837710e-01
-2.448140307985902098e-02
2.624620155588508474e-02
7.625199009914945814e-02
2.164967981172242761e-01
-1.707416301547814708e-01
1.266151482560964880e-01
-9.339254689913473184e-02
6.309196267245947842e-02
-1.934996007200706636e-04
-2.362708863004527315e-01
4.619446223711709543e-02
2.959854723693700618e-01
3.632272885920362349e-02
-1.493195595766838857e-01
-1.495195651566828265e-01
4.795220227552504655e-02
2.164766190541705382e-01
5.512386317170075989e-02
4.223185928683909074e-02
-1.404275623050540434e-01
2.635491177255755435e-02
2.190662469841712645e-01
2.565880250830611664e-01
2.350917294308551564e-01
2.479332981457356699e-01
5.008643223989450721e-02
9.966485437706995576e-02
2.467948438711319858e-01
2.949964928656381713e-01
-6.313755650062075064e-02
-2.486693897270668419e-01
3.060502034868198273e-01
1.566888238204772188e-01
3.024510939377322849e-02
-1.274114468726931515e-01
2.542204995805333323e-01
-3.689204073611224155e-02
-2.480916767656532462e-02
-4.350394156937098522e-02
2.197028705790153302e-01
-1.352985668020662002e-02
7.099442525251475899e-02
-2.745328388191977109e-01
9.048459111441137237e-02
5.062807680743997008e-02
-6.011145265174216989e-02
1.609085478055299889e-01
-1.883901189145272825e-01
-4.979350170535662423e-02
-2.637877649805971392e-01
-1.352539925855176239e-01
2.341260523425880424e-01
-2.682510895696856301e-01
1.398331238571227098e-01
7.417940672541001312e-02
-7.379486084985328875e-02
2.029158741374113561e-01
2.943087224373364674e-01
-1.270469600528532639e-01
-1.765547819623528303e-01
-1.876994329886411128e-01
-4.362330701842853653e-02
1.097909555495346079e-01
1.946832536164496141e-01
-2.860428816767822124e-01
-1.955437233784022566e-01
1.381003424108820377e-01
3.072857896354447282e-02
2.905604212983669554e-01
3.635245568348038914e-02
1.932246579782087581e-02
-6.781594255596717913e-02
2.349768425563197871e-02
-2.245371602606203165e-01
1.874491453987723877e-01
6.510313967278275049e-02
-2.964213231608092136e-01
-9.716882251064770659e-02
-3.007603544829292042e-01
-1.965985856720486313e-01
9.958122056460183558e-02
7.152658386701038484e-03
5.938770080649169447e-02
2.416924287340573296e-01
1.375339269673387377e-01
-1.323158989009675934e-01
-1.596067399953443045e-01
9.668595875879049117e-02
9.500909781886962557e-02
2.514196882403545996e-01
-1.223152601593517630e-01
2.819441011854488255e-01
1.288719350875299763e-01
-2.447413540075051297e-01
2.898525076486355156e-01
2.034761110233957448e-01
-1.510910525851770769e-01
-2.094606704465369340e-01
1.928816975111415921e-01
2.679103441789994489e-01
-1.399163535596996966e-01
-1.336169722517775160e-01
-2.049491871968424361e-01
-5.555504396809118894e-02
-4.295263919644448647e-02
2.321732552003414329e-01
3.685607162063120334e-03
-3.998851450939022723e-02
1.193067901127501385e-01
1.577735675752909850e-01
-1.947180992117327203e-01
-6.960849043766537125e-02
-2.400710380806467814e-01
-1.656145432149879748e-01
2.482615265993790010e-01
-2.210628651588877336e-01
2.556462026243813690e-01
-8.316522480023966213e-02
2.841214678664543691e-01
1.605502743792697751e-01
1.140971180255101469e-02
-1.969521583633468131e-01
-1.693810317357207773e-01
1.493562958667363216e-01
-1.398035380479565881e-01
-1.093077079829835596e-01
-7.793146875330891898e-02
-2.074477460970329812e-01
3.730489971388162296e-02
-1.867243329285027675e-01
-1.383621985284706757e-01
6.129906381015060024e-02
-6.027255109899010144e-02
2.834336772864188281e-01
-2.028913967737033253e-01
1.991797429423780574e-02
-2.286471594152846010e-01
1.275561502102974254e-01
2.952818558567948948e-02
-8.531888135858811673e-03
-2.039672240173499573e-01
-1.172338703577873453e-01
2.726659327743819472e-01
-2.166169503165265298e-01
-8.907959395874787134e-02
-2.863545995136495548e-01
1.433899673117369211e-01
2.329719865450673999e-01
-5.195744327629758796e-03
-2.903473208054462851e-01
8.533066546754686232e-02
1.427180433492007960e-01
2.163343931635373640e-01
-2.749809513341422984e-01
1.925512096775491844e-01
2.812923996121870496e-01
-2.470878770392820334e-01
-1.790696481570831500e-01
-3.018451353920614255e-01
1.796640207527432920e-01
8.061131278106592468e-03
-8.039758759943196886e-02
-1.262361682293636211e-01
1.762442139176847999e-01
9.708575330316177032e-02
4.235254288383250021e-02
-1.539650686554690784e-01
1.730223711480495807e-01
1.399355492864741146e-01
-8.493297715921971358e-02
5.424031749315716411e-02
-1.134119716661961819e-01
2.032055352116242664e-01
2.339142647236616690e-01
-2.890677595501883745e-01
-3.003771081545905108e-01
-2.937659982630657085e-01
-2.774527291664441453e-02
-1.468993089459185719e-01
2.196856189739841425e-01
-1.792999577033515257e-01
1.379314657613259221e-01
1.214653839096147547e-01
-2.162202850998647952e-01
1.028574786509511840e-01
2.639985681003747531e-01
3.028199311355099232e-01
-6.634440791132084625e-02
-9.955316899756250226e-02
-1.907343175815957581e-01
-9.187942733007800622e-02
-6.719209523741159762e-02
1.862244554843647260e-01
-7.838673796567055541e-02
-1.211702756200270792e-01
2.403241144595341106e-01
1.358091887398631403e-01
-2.321967753071909057e-01
-2.912793458455936180e-01
-2.196863835179188595e-01
1.780389216299034238e-01
-5.879403818793754732e-02
1.436270713997296333e-01
2.107535276623780374e-01
-8.786074812948815871e-02
2.347405245095372517e-01
2.234400846872334756e-01
2.323701587710139127e-01
-4.736006499988032470e-02
-2.654619126753047231e-01
-6.542780689462365795e-02
-2.214569882692241087e-02
1.489380331474576824e-01
1.494675283003520372e-01
3.045998810757261643e-01
2.215420346294238452e-01
-6.146341485431963680e-02
-2.886658276333131101e-01
-4.310182797831713097e-02
1.820630172812217618e-01
-1.417241016227338557e-02
-4.986228860735825164e-02
1.897183876889798060e-01
-9.566189239472430716e-02
-2.908429069167767778e-01
2.278198778519954781e-01
3.960095804277408149e-02
2.714190079213608109e-01
2.567274056686466577e-01
-1.103452355359237080e-01
1.911305230514444009e-01
-2.087805570155943646e-01
2.400350342454383168e-01
1.341457018736784690e-01
-2.689340102963484469e-01
-1.685700912202544588e-01
-2.129822988166923947e-01
-1.641221212984546041e-01
7.587238050813571721e-03
-8.856447906350892185e-02
-1.199701651147026815e-01
1.590200816046858923e-01
-2.833265546929236711e-02
-2.189234205711432235e-01
-1.806224722548133987e-01
-1.073746803677451955e-01
2.773107780245965270e-01
-4.994935492632712748e-02
-1.437624801617236880e-01
9.491548173074204620e-02
2.252171332244672919e-01
-2.978525366756737958e-01
2.257768370300305416e-01
1.381730039746222882e-01
-1.022310014316796523e-01
1.034383950438695909e-01
-2.221293207397730951e-01
1.954996805532705495e-01
1.924222841227744563e-01
7.538455956905054656e-02
3.528891847469411980e-02
2.897510571228401610e-01
-1.082808099671391522e-01
-8.005075664661109869e-02
1.883904735009284681e-01
8.918793202964181432e-03
1.241293682375769203e-01
-1.175193435183732871e-01
-2.250405126343340001e-01
-1.486377934840166226e-01
-1.317938725866121541e-01
8.277572893482076921e-02
-1.717620810852686919e-01
1.742696128500343944e-01
-2.796589420966817952e-01
3.475333278538778048e-02
1.105674391910105303e-02
1.401576926746773144e-01
-2.515276337589783529e-02
2.448819500060742116e-01
4.923206703988652899e-02
-1.475142123288275542e-02
2.420796059155171931e-01
2.863181913453549110e-01
-1.811103919666405826e-01
1.402767449807061917e-01
-7.493512446844999286e-02
-2.890134785753626367e-01
5.429850683276005174e-03
1.282852142911680149e-01
-1.179695992844689845e-01
1.330385590640738025e-01
6.155815974332756735e-02
2.690330407696095438e-02
-3.215724203656417091e-02
-2.389089431883264780e-01
-1.260579473753724866e-01
2.988545582861703021e-01
-2.131228054759318757e-01
5.398553797752048133e-02
-1.830376192528476165e-01
-9.977068526117663372e-02
-1.395652570795765379e-01
-2.482884132240160691e-01
1.251154965956624565e-03
-2.293885269112577729e-02
1.255341989244087020e-01
-1.887151123358457583e-01
2.967537673653076191e-01
-1.099112634104785768e-01
-1.887752023777505839e-02
-2.447825749208161761e-01
-2.457619379597138498e-01
2.241687939413897213e-01
1.454028648169743421e-01
-1.022223598642898468e-01
-2.598856856153465289e-01
-8.941610602939684127e-02
1.981800369628012315e-01
8.580543819312796971e-02
-2.327375043254595877e-01
-1.553375374218129434e-01
7.275379490914429814e-02
7.850353586321190402e-02
-2.044311630567062776e-01
-1.684004944547477789e-01
-2.164613947960087881e-01
-2.943457079964031387e-01
-3.019542046076854058e-01
2.761042058245283815e-01
-2.380982950600090409e-01
2.138603713366173387e-01
-2.515956079991259475e-01
-2.873813892563357175e-01
1.161025715416960646e-01
2.677668627347787322e-01
2.524774087225599151e-01
-1.956448893287815460e-01
2.430804460889673391e-01
-2.477259940285434503e-01
-1.094369893140164085e-01
-1.780054344713693226e-01
-1.758407876450642227e-01
8.278582826765595870e-02
-4.341944225699351234e-02
-2.370528287974076054e-01
4.283403359043591596e-03
-2.591005680648193477e-01
-1.346648742809403165e-02
-1.166809858491281160e-01
2.281801097692625624e-01
1.305947497495736909e-01
-9.422800210570586588e-02
2.909404041363659599e-01
-9.566239483802679855e-02
1.445563605149757236e-01
1.467054294135536896e-01
-9.498168098777315382e-02
1.196756042319022662e-01
-9.621298470647046686e-02
-1.117204983704950527e-01
-1.314853152738173214e-01
1.168954109123734875e-01
1.796619463938344818e-01
-2.822719385955513860e-01
4.383314252077213924e-02
-2.151282335040805571e-01
7.406545632835487281e-02
-1.502617543690659418e-01
-2.012302315795471697e-01
-2.100483828469295045e-01
-2.268389890328072200e-01
-2.301389447879282901e-01
9.661773423011815742e-02
-1.650949418785679912e-02
-1.436783454630886636e-01
-2.352866370469857693e-01
-6.175913084091130822e-02
1.624788578356177737e-01
-2.830394507529568338e-01
2.656858578395454029e-01
2.603301759468982790e-01
1.213461030403945040e-01
-2.698646002181655512e-01
1.996282184086535794e-01
7.789531939435412333e-02
2.469341085578684036e-01
2.989037895923850052e-01
2.605113278956825984e-01
-1.895357773690541925e-01
-7.864741685052895059e-02
-2.936286063996769724e-01
2.805865649010452212e-01
6.854577912333920109e-02
1.703236507499257812e-01
-1.558676188901935433e-01
7.958922851507754803e-02
-2.109352441747591733e-03
-2.628119417677177161e-01
2.895854126728674705e-01
2.489041324199983696e-01
-1.870537486062328614e-01
-4.210046912514586737e-03
1.435448756302450946e-01
1.028879979333862105e-01
1.293158808406693616e-01
-2.125678363069416488e-02
1.176803311257365592e-01
1.203215596579799707e-01
1.616294626338168894e-01
1.754186893069791808e-01
-7.056843627981299050e-02
-1.474967471916809048e-01
-2.981379836643804904e-02
-2.295405079566448237e-02
-2.003191623047894665e-01
7.844306491697000672e-02
-8.681090019180529027e-02
-1.940709387297126776e-01
9.643525445970879684e-02
-2.893716105442874498e-01
1.695022240605234543e-01
9.242277389726977210e-02
-5.112656122562009298e-02
2.883968154855130472e-01
-3.735869989304158034e-02
-1.879224713279525893e-02
-5.041710413632133347e-02
-2.295212919127320728e-02
1.039298932566973255e-01
9.205862433252665067e-02
-1.608727215188041904e-01
-1.658137267904926382e-01
2.236196800585568689e-01
-5.680027641613746847e-02
1.078832929108587968e-01
3.091877019889077705e-02
1.355549771030113981e-01
-2.859916214036484217e-01
2.058140010514084017e-01
-9.574835967814143700e-02
2.026353575227947679e-01
2.322415655505904453e-01
-6.724829122034312046e-02
7.714882287598057165e-02
4.500204966968451847e-02
-1.637460411846001773e-01
-2.465422592445893901e-01
2.898853183618733120e-01
-1.732349451002410390e-01
2.812393094473800148e-01
1.998862177179971389e-01
-5.648392244713701382e-02
2.780756630969323795e-01
-1.590847632798855216e-01
-5.066820708808611462e-02
2.478725107669110805e-04
2.041106565616389035e-01
1.100031436096576831e-01
1.910399328353706849e-02
3.557306198904308658e-02
-1.624611120848278301e-01
1.439676300261341635e-01
2.527287783518089026e-01
-1.191728665351591832e-01
2.531454718294877115e-01
1.771078171645401600e-03
2.279042792726888034e-01
-2.030440110768020889e-01
1.450418171427894087e-01
-1.786149959168738810e-01
9.542603707290125969e-02
6.079262724374590032e-03
2.732926652612266416e-03
-8.738015366813581264e-02
1.145553535244296373e-01
-2.972114517829388958e-01
1.569487023053682262e-01
-2.646854338801391537e-01
1.715759494249302630e-01
-6.825101823808582546e-02
-1.937135372688348622e-01
2.607267087018320662e-01
-1.877616703073078375e-01
-1.377678194446352034e-01
1.593607000192814871e-02
3.025630352752108343e-01
2.801703441888838131e-01
2.262714628869404998e-01
-6.094412825596373651e-02
-6.066536584149961886e-03
-2.115326668184061010e-01
-1.136201149866710447e-01
-2.180900578591238037e-01
-2.017144630684122308e-01
-6.253576390867598978e-03
-1.271746472278855455e-01
1.526539865413240049e-02
-2.182249310624302940e-01
1.663543687376623503e-01
2.274314209212041082e-01
1.982306567778263084e-01
-1.145090952112789717e-01
2.856471762171322593e-01
-2.359084583543501756e-01
-1.149273555870924945e-01
-1.728621059469405974e-01
2.215179675068311149e-01
-3.059681714667697450e-01
-1.534472133651323400e-01
-6.620211165044145862e-02
-1.398263307986814530e-01
-2.699873330229164980e-01
-1.515292579047644583e-03
2.575032515232887342e-01
-9.796616303020830308e-02
-2.953317092907011276e-01
-1.382950681967577977e-01
-2.849475863975670098e-02
-9.074748194257584166e-02
3.032729568375190365e-01
4.704699252232086293e-02
8.059558200366107039e-02
2.302599348176070926e-02
-8.450409516817508626e-02
2.458845569440339385e-01
8.060126822172680727e-02
2.751340243656136830e-01
-2.808150719548135332e-01
-2.539589627371262037e-01
-3.947385744004305863e-02
-2.759920123994173968e-01
1.915275742623672173e-01
1.957150319110570469e-01
2.356089872562197596e-01
1.391601215007532977e-01
2.236732534825130458e-01
2.282872047433610052e-01
1.569187889490853971e-01
2.427537532392746722e-01
-9.517538041412862415e-02
-1.007857853529203762e-02
5.435117256591404100e-05
2.440361796587547372e-01
1.582263943094069369e-01
-8.267017940928528263e-02
1.261137591622129572e-01
-9.006289063767849989e-02
-2.064974728966217365e-01
-1.848539264950749272e-01
2.752401371918692941e-01
1.059764186814001752e-01
2.709171450023022953e-01
-2.868706716964056769e-01
1.403356467352939729e-01
-1.274249088679909048e-01
1.397701930849672980e-01
-1.933322931649776311e-01
1.631784731919760367e-01
-2.854058543692281624e-01
-1.649061830254639760e-01
-4.400130605173457887e-02
8.581410947705037096e-04
8.708965517643768584e-02
-2.501272620600524244e-01
9.250164766507251723e-03
-7.583864898641559660e-02
-1.545528803354543623e-01
-1.285068649176446254e-02
9.622803508927946226e-02
-1.981384251921257666e-01
6.610105300739121947e-02
-2.576300005776023250e-01
-2.648034092133174644e-01
-1.268236357667844316e-01
-3.516382336467249736e-02
-2.574888308998520836e-01
-1.644235607059235382e-01
1.729261778076626177e-01
5.801267025269701838e-02
-2.885032373078419421e-01
2.115699947557995730e-01
7.854201973224411715e-02
-2.522657673113169463e-01
2.136946663204149499e-01
-6.886264338370948201e-02
-3.341526083224322097e-02
-1.769198989371477404e-01
5.733020936988164618e-02
1.322001347543683702e-01
-9.921592451597405216e-02
6.955703980954097698e-02
6.104465647116796845e-02
-9.702734368724369451e-02
4.343965339775240908e-02
-1.544018903411372434e-01
-2.644069546452942343e-01
2.924073692494709165e-01
2.931764422293081096e-01
1.149207147108178284e-01
-3.058148233061319665e-02
3.024251959855635552e-01
-3.179783061779573039e-03
1.503720105590959921e-01
8.131113732108147252e-02
3.011838628250950722e-01
-1.133989989348973548e-01
-3.039140328936927316e-01
0.000000000000000000e+00
0.000000000000000000e+00
0.000000000000000000e+00
0.000000000000000000e+00
0.000000000000000000e+00
0.000000000000000000e+00
0.000000000000000000e+00
0.000000000000000000e+00
0.000000000000000000e+00
0.000000000000000000e+00
0.000000000000000000e+00
0.000000000000000000e+00
0.000000000000000000e+00
0.000000000000000000e+00
0.000000000000000000e+00
0.000000000000000000e+00
0.000000000000000000e+00
0.000000000000000000e+00
0.000000000000000000e+00
0.000000000000000000e+00
0.000000000000000000e+00
0.000000000000000000e+00
0.000000000000000000e+00
0.000000000000000000e+00
0.000000000000000000e+00
0.000000000000000000e+00
0.000000000000000000e+00
0.000000000000000000e+00
0.000000000000000000e+00
0.000000000000000000e+00
0.000000000000000000e+00
0.000000000000000000e+00
7.246877027856568620e-02
3.799909483688837519e-01
-4.786707992807326395e-02
-8.817153399888683074e-02
-9.612202785209544853e-02
1.805276908695104265e-01
2.026276166271578916e-02
-3.519860025360826428e-01
3.864586118150429850e-01
2.559087927103484428e-01
-3.331595300691294614e-01
3.227981008405634289e-01
2.767450161672322939e-01
2.272872031798106041e-01
1.990702756004419371e-01
3.018967163150351740e-01
-1.670247990615780220e-01
2.665827520056929245e-02
-2.445563018645636744e-01
3.604526088074527790e-02
-8.428364481541972264e-02
1.087777535977648147e-01
-4.579185706467281403e-02
3.051079421250601498e-01
-9.920446750550038217e-02
-2.696632723425035350e-01
-2.992795784208110432e-01
-1.954217057345957742e-01
-1.444775578675582262e-01
1.041882780807502074e-01
-3.075457334846387614e-01
-2.910900571457679664e-01
1.087832320736569769e-01
3.475917320556857759e-01
-3.364559402245531627e-01
7.225508635252902989e-02
-3.167634299308201284e-01
3.143355318539742260e-02
-7.929744617264733453e-02
-1.077604589999024975e-01
-1.662910546037229265e-01
1.733537669801493708e-02
2.073189435886816923e-01
3.130502111777326291e-01
2.024920627579380183e-01
-6.510876477269050833e-02
3.640913018322117223e-02
1.067764042437548411e-01
8.263773683571479234e-02
-3.172526819070211612e-01
1.763459202592871367e-01
-2.190274120290278126e-01
3.010524225956046629e-01
3.374197472576048740e-01
2.640448849152965960e-01
-1.173254390615389720e-01
-6.927501917264544673e-02
-3.571502410327855870e-01
3.696857083914051323e-02
-1.406272892905994776e-01
2.069153149507413914e-01
-2.652992788048311734e-01
2.560149608102254004e-01
-7.851746284351934779e-02
-1.899339139780319430e-01
-3.161975098361392011e-01
-2.004132356037119644e-01
1.543770688905839461e-01
2.020922130989755150e-03
-2.535947776034074286e-01
2.429364445011638618e-01
7.286079965386715873e-02
2.739473999282973637e-01
-1.158286628260446482e-01
2.509854912755778433e-01
-1.995075147790213166e-01
-1.342176085731245361e-01
-2.345401145753421290e-01
-3.295775740256781661e-01
-1.208065354725491591e-01
-3.065194990344183856e-01
-1.876920533148894454e-01
-1.023302335488508463e-01
1.907697048576112997e-01
1.978475957080575998e-01
2.934981293991911211e-01
-1.477429341482586755e-01
3.148827673566966801e-01
-2.925753709939393210e-01
3.510174101290533533e-01
6.024020047150502322e-02
3.982633521595579928e-02
-8.673000574216727099e-02
3.874657693214514365e-01
-3.036400552097762162e-01
-3.498582833127716896e-01
3.499340207401647196e-01
-1.961421446544194536e-01
3.398187648759620205e-01
2.331992333226628467e-01
1.313277125116210642e-01
-3.275578279198583798e-01
-1.352655575268602028e-02
6.046557361824272947e-02
-1.019121314642381648e-01
1.171462713538551359e-02
-2.992202509614441119e-01
-2.990042575452404039e-01
-2.212544526162562863e-01
4.053094326229628175e-02
2.779844771505482481e-01
8.171840860720935851e-02
-3.911433717805627985e-01
8.205235688142364925e-02
1.908759343575825995e-01
3.375051932542886823e-01
-2.165481845792360249e-01
1.538542682180277232e-02
2.535139522647994470e-02
2.715319514264196710e-01
-1.130096702169381406e-01
-7.348192291011257371e-02
1.154787664468023833e-01
3.324964023934434687e-02
3.201951473132064740e-01
1.928152255927877978e-01
1.405024440310200240e-01
-3.067968197101340611e-01
1.179451225166295303e-01
5.230829097138289807e-03
-2.616433257746392238e-02
3.261539261144563162e-01
-1.560780170476286366e-01
-9.070088271938525626e-02
8.097750064567160733e-02
3.108716686463481316e-01
2.706723719991691035e-01
1.732103837822415726e-01
-3.785093398481922944e-01
3.951243771865771692e-01
-3.718683669068928999e-01
1.902272143994869213e-01
3.171129425751088582e-01
-3.966600692201004419e-01
5.894662362827285396e-02
-2.510630619575281441e-01
4.722773037752708847e-02
-3.779895349858759523e-01
-3.246608681694668208e-01
-9.216327939655821755e-03
-6.420837955225477955e-02
3.996577813777441035e-02
8.636330626077165507e-02
1.771131605042314261e-02
-2.885951474281102103e-01
3.309024414139423720e-01
-3.001890457160129588e-01
-1.395547735550267676e-01
-3.770663799506464020e-01
-1.044613791233221511e-01
5.105374947345253656e-02
3.724783224404588089e-01
9.434086967739885310e-02
2.117090588456845279e-01
1.330457063541236606e-01
-6.057705709460620147e-02
2.950725662968465834e-01
-8.695111478753048129e-02
-6.265599507700447823e-04
3.184794747863450848e-02
2.754542923884847894e-01
3.389883200669147612e-01
4.079196883174313060e-02
1.900886332388806998e-02
3.574215167054370368e-01
7.660711292240168779e-02
2.528255079545663198e-01
-3.029443826083139113e-01
-2.687819959998195563e-01
-2.062343772643115691e-01
2.724902180980937616e-01
2.967787696146033105e-01
-2.541782590528536834e-01
3.788150355854075779e-01
-2.178968418413242680e-01
2.776814352735334501e-01
3.056234652367466054e-01
-1.543539243716945952e-02
-2.524704442109638181e-01
3.353288093615061638e-01
-2.059697962463572229e-01
-1.987527832381610349e-01
0.000000000000000000e+00
0.000000000000000000e+00
0.000000000000000000e+00
0.000000000000000000e+00
0.000000000000000000e+00
0.000000000000000000e+00
0.000000000000000000e+00
0.000000000000000000e+00
0.000000000000000000e+00
0.000000000000000000e+00
0.000000000000000000e+00
0.000000000000000000e+00
