3.285743413256365653e-01
-2.508747349443223307e-01
1.245907817052073208e-01
4.034847111257816588e-02
-2.820261801592442996e-01
1.849005814281590165e-01
-2.428538840256604381e-01
2.892140018005013857e-01
1.266289280097555037e-01
-5.810546813398659305e-02
2.402708016905733546e-01
-2.106895229137948633e-01
2.277896635819162130e-01
1.906624896038365824e-01
-1.012585471382762559e-01
9.712914629755220464e-02
-1.294118330444560816e-01
-2.547988978084229639e-01
8.500752822959933841e-02
3.385616034664097329e-01
3.689381977868577689e-02
-1.212731961893954713e-01
-1.848514888332921657e-01
-3.520384176075308513e-03
-2.565132307619298890e-01
2.420679879260909662e-01
1.059312842261166954e-01
-5.048760173359551073e-02
1.993829792016534874e-01
-2.761934877137336986e-01
-1.808984298911088529e-01
-2.252499563734311483e-01
-3.314879046391722150e-02
-2.200085958663990926e-01
-2.662320747300891965e-01
4.599112078216099908e-02
2.369388828994690721e-01
5.415152839363346349e-02
-3.169771765230245952e-01
1.475556532569081702e-01
-2.330407629075185172e-01
1.734983258356956881e-01
-8.663326741973953471e-02
6.248423864003332939e-02
-7.745524220531707638e-02
1.079898269709630432e-01
-1.796455513290118322e-02
-2.707003688563136556e-01
-5.547569499609644739e-02
-2.662423040688007836e-01
4.044943764121855523e-02
-3.526706587210404198e-02
-2.953068905987086268e-01
1.322945840679748408e-01
-2.087231149441253486e-01
-2.344779154789015663e-01
-2.498053301946604465e-01
-3.310460810585756364e-01
-1.343080499749178536e-01
4.834288811032816380e-02
1.551439116150458153e-01
5.172391905546186441e-02
-2.227672723509222519e-01
2.118995742454283793e-01
8.546226723719380081e-02
3.115230494237241077e-01
1.914147628851289307e-01
3.386010883170964547e-01
-1.795144097935900407e-01
-2.048141669502323847e-01
2.902504920182490400e-01
1.996675241033990522e-01
1.471169679798225438e-01
-2.426573141271671230e-01
3.283569977875049339e-01
2.855417217531350804e-01
2.004196739799289917e-01
5.688664085336536669e-02
7.215095972243240618e-02
-8.852364983114147101e-02
1.505440588520600143e-01
-1.315894350529857870e-01
1.524868760307226956e-01
2.789437883836387577e-01
2.899623896048313387e-01
-1.839348129570322066e-01
8.935686436311163217e-02
3.201408310953520742e-01
2.716010379992677137e-01
-1.246969055969427143e-01
3.103369325724883998e-01
-1.540588260267680976e-01
-1.148922453111040076e-01
-1.309592821662418083e-01
6.014564499932778530e-02
1.716911139708466871e-01
-6.778589760793002350e-02
1.673709365770541524e-01
-2.291688806648692345e-01
-5.161163353373493523e-02
2.092519787929845165e-01
-2.916895099606782171e-01
1.029807381992334792e-01
3.263197625902486410e-01
1.104745917482216622e-01
-1.420683703646840323e-01
-2.475653267327615203e-01
-3.018220655216746762e-01
-2.638434547854763279e-01
-3.224920299161792014e-01
-2.043297659925418508e-01
-1.317903755970232516e-01
-2.918691103025687905e-01
-2.039191357488630285e-01
-2.975137040099583019e-01
-2.823541436385217929e-01
1.022847982334559314e-01
5.632336052711678365e-02
2.364883470923107023e-01
1.081757382154863723e-01
-2.745974374555723574e-01
-1.314419085162127632e-01
-2.494505874597302553e-02
-8.123032217252323939e-02
2.605635977095652756e-01
1.790254049247129720e-01
3.186630365567488798e-02
6.073456738289828571e-02
5.434808784588879282e-02
4.947481383268642618e-02
1.414629437078931407e-01
-1.630295244998436477e-02
1.895158028147013729e-01
3.264990496846970069e-01
3.342254850342230021e-01
9.371544024043182430e-02
1.486609039077216865e-01
8.081740492384587027e-02
-1.359713262829541913e-01
4.199929496866933176e-02
-5.723379767542163821e-02
-1.915899894108140655e-01
-2.755898794388132456e-01
2.739282354428131949e-01
-1.415288752376696046e-01
1.667616184588821548e-01
-1.073242921288291574e-01
3.157318448471646555e-01
2.207710393571634677e-01
-3.345630077643866329e-01
6.016092397830236083e-02
1.921183850038507002e-01
2.509591121696211902e-01
-2.440110641609323783e-01
-1.151224850638379038e-01
3.304574574882468418e-01
-8.386928952037098206e-02
-3.149567242621779672e-01
2.321354218940339109e-01
5.502857271563271757e-02
-4.635583493369310748e-02
8.722667180546417320e-02
3.041496209935812267e-01
-2.319115949561870171e-01
1.390109531750630678e-01
4.749928160413952050e-02
-1.985252066120333225e-01
-9.148121492856992054e-02
-1.273975002068447049e-01
2.026964534950310703e-01
-8.522225124051463485e-02
3.354346213087134876e-01
7.241339939240404311e-02
4.707024835411033337e-02
-2.730557068853419200e-01
2.912466916608534850e-01
-2.776745528192461343e-01
-2.216702926086092096e-01
1.308823029903924962e-01
-2.653284260997931243e-01
-1.367397568342352543e-01
1.051524985491786301e-01
-2.721537806868079001e-01
-1.415211823103792177e-01
-1.371927338917540984e-01
8.809066543059912435e-02
2.349034368421691887e-01
-2.942224184825794064e-01
-4.986999389943191918e-02
2.506898884337415145e-01
3.323567602739244675e-01
2.010752527505743625e-01
1.083305235459770532e-01
-2.436746881294551414e-01
-5.201599286214619866e-02
-3.384949566820303346e-01
1.160223731271532444e-01
3.287627540225785960e-01
2.535941527258984696e-01
8.662500331745370818e-03
1.446193664797982281e-01
-1.323243201498409127e-01
-2.849036320290213586e-01
1.259179108021745153e-01
-3.393843207742399115e-01
-2.824885104661061241e-01
-3.740519681294685039e-03
-3.394172033360414176e-01
-1.667351005740116965e-01
-3.386177156844161207e-02
2.876700550206958695e-01
3.272853431100112287e-01
-2.154973789239916226e-01
1.420573357326831987e-02
9.208354279343672344e-02
-9.580758345725765013e-02
-1.355386641930448055e-01
-3.213424099525921673e-01
3.141995091554671271e-01
1.699534943165464940e-02
-2.875101897735214962e-01
2.276857904192711723e-01
3.197775807501104239e-01
-2.094894096242543857e-01
2.815069107801592141e-01
-3.270653692393156176e-01
-1.733444390113186295e-01
1.355928492094487514e-01
-3.047473271287973740e-01
4.710816763252412276e-03
-2.690874332398631164e-01
-1.122763207763071147e-01
-1.960922342683635855e-01
2.350091205223938662e-01
-2.537059841101908519e-01
2.105636793033103249e-01
3.151675274509577740e-01
8.063337491730343531e-02
-2.366031951683561230e-01
6.472730837250673108e-02
1.535640924799696050e-01
-1.431515249409635315e-01
-2.144005572847191843e-01
-1.980410510355320175e-01
1.816796447429360750e-01
2.245475782820072208e-02
-2.534366140491079999e-01
-1.752938397257114145e-01
-2.165413913614195329e-01
2.616062798776374043e-01
3.561010145850163067e-02
1.212240434756478025e-01
3.222065210509164057e-01
-1.821176400864401301e-01
-1.642689508103943319e-01
-2.797184749511897883e-01
2.494418703555597583e-01
2.368582367927424270e-02
2.007835435491784892e-01
-1.112189920066583293e-01
1.186274532031884044e-01
2.465957154884091951e-01
-1.145235981039842421e-01
-1.211528063567086366e-01
3.204539705134610283e-01
-2.178342791732426620e-01
2.290748227332397580e-01
-3.589843924341573622e-02
1.357699871876247300e-01
2.704409851802785925e-01
-2.709611255066285973e-01
1.381057888539388712e-01
2.074508189397564761e-01
2.406608150358165998e-01
-2.026978159838299098e-01
8.797770314606845332e-02
-1.635745049426021169e-01
-2.871597018021753156e-01
3.277509676916191550e-01
1.270031998780437599e-01
1.064639722438884828e-01
2.329211453810366983e-01
1.291810493699986351e-01
2.222312951299152406e-01
1.843408753546136314e-01
3.110367338308204221e-01
-1.666079614978070167e-01
-2.286982434375789963e-01
-1.560386745192974822e-01
9.772928926591112342e-02
-8.737619517634509503e-02
-1.520080828164571685e-02
-1.893632894835330371e-01
-1.956581408480829176e-01
-1.797589021704027734e-01
5.108239277892295815e-02
7.912039504188062011e-03
2.285949890332624745e-01
-1.545551578139160165e-01
-8.233877791651161848e-02
-1.359999962891610681e-01
8.158089966093762246e-02
1.361989928601894939e-01
-2.703282460953186361e-01
2.540993578516670404e-02
-5.995031420153945634e-02
3.209840411652643555e-01
-3.132233860411286486e-01
-2.325141271868155779e-01
-6.669203764870063056e-02
1.149834085389704330e-01
1.043080527928528789e-01
-1.962178595389789670e-01
-2.177143560679735967e-01
1.428711781499309996e-01
9.311277992506078460e-02
-5.474759160274256242e-02
2.495478844206062696e-01
-1.265996932260125551e-01
-1.980407447269028343e-01
3.274922604768094603e-01
-1.959330610548126739e-02
1.001197458848442357e-01
-1.225797538901457484e-01
1.230989005905915867e-01
-3.294795058289128331e-01
-1.152054478099724388e-01
-3.228104908605716195e-01
2.718168468986693620e-01
3.245933819439219548e-01
-2.894123698409870604e-01
-1.016197768462136775e-01
-2.140602233084982764e-01
-2.269035624574232690e-01
-1.104288667310510119e-02
-2.128994567796589077e-01
1.160837091555468326e-01
3.077764084082756924e-01
2.842658182073863893e-01
-2.275523216507385760e-02
-1.142266446655445244e-01
6.721950680775218290e-02
-2.239814229186151140e-01
-1.963028066031898278e-01
-8.750070866656445290e-02
1.812492703808666894e-01
-3.196295793624008841e-01
-7.949829331010743738e-02
1.607410507917576004e-01
1.889077343924477903e-02
4.840820804423778823e-02
-7.269327061316854799e-02
-8.656928250465262265e-02
-3.120084028098218387e-01
6.400842140038365269e-02
2.315384191328040409e-02
-5.026456536217949189e-02
2.447742448491349032e-01
-2.927697724926546230e-01
2.823628330230547601e-01
2.323192066100473463e-01
-1.498970344716313574e-01
-7.270985480695463243e-02
2.534602384274036169e-01
3.221346544375685017e-01
2.321600815059563505e-01
2.802256598782945085e-01
1.667168964862144609e-01
2.512438882688832198e-01
1.391792351358894786e-01
-1.944744561485586276e-01
-2.075595762340293193e-01
-3.370998945750577347e-01
-2.300182355273538148e-01
1.414388221926087819e-01
-4.785956093620846730e-02
2.449418682045471085e-01
2.282039788793844837e-01
4.700148366394124588e-02
2.113130461861508769e-01
2.192724813212137969e-01
2.507163367440856661e-02
2.750248661358191127e-01
-1.857145767471812814e-02
-9.000870753817769021e-02
-6.959856329237734673e-03
2.252537715955656994e-01
1.005883530947774274e-01
3.512770623282951421e-02
2.114033229815101000e-01
-3.825632357756159063e-02
-7.341105174310297299e-02
-1.732600783416805568e-01
-2.396581245833762641e-01
-5.455954444487465249e-02
-8.454576421639903305e-02
3.234608885232040931e-01
-1.903285608895206593e-01
-1.371999655507703531e-01
3.312879233946012247e-01
7.590643214386366688e-02
-1.096775953419447391e-01
-6.294582593453129649e-02
2.445166991011523683e-01
1.372530650382242090e-01
-2.664856338649370104e-01
-1.222619615995942377e-01
2.709727504506216356e-01
9.529891048250932473e-02
-2.205100173668500529e-02
-1.014993211367490877e-01
1.975782166460742229e-01
-1.331563352345014883e-01
3.413693111953747250e-02
-1.723634593353844946e-01
1.276740426345431834e-01
2.889287833362875757e-01
2.668246632705312260e-01
-2.052259976539869968e-01
3.300277908290173423e-01
3.080941288068698158e-01
-3.243909783926148815e-01
-3.227733651336901488e-01
-1.292629894317627592e-01
-2.717970457210746038e-01
-9.146049426621088996e-02
7.447189953951355301e-02
2.350444443717646381e-01
2.689636499090037880e-01
-8.992380389928242290e-02
-2.002466677151908958e-01
1.928761312561271257e-01
-1.204575314750494508e-01
1.538636521664835666e-01
1.574918621233044047e-01
5.896199466857710014e-02
-1.596134471298069624e-01
-1.158941853622078577e-01
1.018457354906764367e-01
-3.191097392393316690e-01
3.381475829816490419e-01
-2.989961661071826593e-01
1.143879790412695718e-01
-8.350312523086589334e-02
4.909339182319932826e-02
1.504180655839931768e-02
8.460828972008788140e-02
-1.313106779895345522e-02
1.078376379869062096e-01
-1.427803959707358017e-01
4.098117397203504542e-03
-1.142324422662827077e-02
2.549431610969367101e-01
1.852170176703932247e-01
-2.929513948205728635e-01
2.478430636692150468e-01
3.280843004643809735e-01
3.313781157528807864e-01
-2.052011344455650921e-03
-3.181678622445717752e-01
-1.384429662398872496e-01
-7.950650596782909973e-02
2.755399375126948991e-01
-8.846485585088881276e-03
-2.931365596801879247e-01
1.777604369290334274e-01
1.495692482926803679e-01
-1.802222727339142516e-01
-3.346397291334538004e-01
2.319885116138473702e-01
-2.544248816326550311e-01
1.931048953305967153e-01
2.253140815482196357e-01
1.758579020142755356e-01
4.995769666376137508e-02
1.069012517069792279e-01
1.350721216844236183e-02
-5.250373749690356862e-02
-1.066342999493597454e-01
3.173994834690003763e-01
1.939465944811568088e-01
2.693297477556100272e-01
-1.610736587979981760e-01
8.600583168640635323e-02
-3.841426335940534287e-02
-3.253920436135600003e-01
2.812982266491564909e-01
-2.399291292626880567e-01
-7.643790352292956225e-03
-4.472531730429668562e-02
-2.426549254056964422e-02
-7.974315162541545376e-03
1.795237514942853441e-01
2.319556143944786486e-01
3.357631119811809173e-01
1.176456378193683205e-01
-2.231034457830465834e-01
2.893956672857449508e-01
-3.300153206481027945e-01
-2.700016481849146222e-01
5.224176606947850132e-03
-1.050977703075062220e-02
2.176962022612091152e-01
-2.059021966660276037e-01
2.640757075931303710e-01
7.253587333165556483e-02
-1.101522822746607011e-01
2.588216981009392459e-01
-1.658533729441802607e-01
-5.704215253591315982e-02
-3.382533372817338457e-01
-1.749466186129134126e-01
7.064034218553272293e-02
-1.378961376046583531e-01
4.915797026669666003e-02
-3.236413119479802925e-02
1.166919597967330802e-03
-2.996316461228019090e-01
-6.654663069558519606e-02
1.382209671677471774e-01
2.291581272917669887e-01
-3.007512168933662577e-01
3.042919042183834799e-01
3.131953725827435475e-01
2.434980281418086534e-03
-4.577649292699381700e-03
-3.249289348463008098e-02
-1.735942894512038648e-01
-8.484139076663127499e-02
-2.002110388004973984e-02
4.649833211965770374e-02
-1.055957198211071313e-01
6.014346853175284169e-02
3.307437714663086226e-01
3.127753252374613213e-01
-2.887844069392070945e-01
-1.437424008413261678e-01
-2.150160972578620266e-01
-2.236551757214296499e-01
2.093072996219212945e-01
-2.710515979174535905e-01
1.060232900320870475e-01
-1.012058145957819566e-01
-7.126794043501399889e-02
3.389950727577166756e-01
2.262532474101686120e-01
-3.262645400915193394e-01
3.069482318581315816e-01
-2.473948746061575554e-01
1.024780584611706402e-01
-2.411241174706750257e-01
2.024060789679970052e-01
1.630794366744706680e-01
-1.126194566364864813e-01
-3.062471837633511385e-01
-2.025841603377316891e-01
-5.746197503390587658e-02
2.891335269800249241e-02
-3.226563816255218486e-01
-6.938677937404458262e-02
1.438280045987331834e-01
1.075274799364159817e-01
-7.330603202868202217e-02
2.674848310635945525e-01
-4.029906678637751316e-02
2.158488345740976477e-01
2.894551693617554156e-01
1.282746756178391734e-01
-3.317942708006124675e-01
1.754113516771256265e-01
2.495392724428406872e-01
5.763470196850345451e-02
-1.690990447589808821e-01
-6.004511797555067698e-02
6.944254484518624926e-02
2.478020498483490819e-01
1.516281247360014017e-01
1.563249196883337300e-02
1.062583427155858184e-01
9.042291026832943723e-02
2.945080194320761624e-01
-1.940898817949311406e-01
-8.952037668423667993e-02
1.815402170206291688e-01
3.217920374486513690e-01
-3.336935303344185644e-01
-2.593919121614379764e-01
-1.545983193139515988e-01
-2.867565151241364685e-01
8.002889390505985023e-02
-2.502116645989127530e-02
-1.210555640519733744e-02
-3.285149958497646239e-01
-1.260896718789579207e-01
3.129300770146430377e-01
3.305982393391461160e-01
-7.989526256248319358e-02
-3.439204132926509949e-02
2.398506054168753066e-01
-3.340335207850743116e-01
-8.096924821764461822e-02
-3.071470099811037802e-01
-1.963134579005571811e-01
-2.065408118422634998e-01
2.422561182126190538e-01
-1.731940621914370426e-01
-1.494697470746021439e-01
-1.211649025800022594e-01
-6.205112846145927064e-02
-7.010178011196727121e-02
-2.504250427503503240e-01
-1.601042936776808645e-01
-2.981758575204607187e-01
9.814859670150000159e-02
2.095467106683750469e-01
-2.661539913988992812e-01
-2.008807456535514346e-01
1.444098564120762096e-01
-1.259442344617880960e-01
6.753277798332663062e-02
5.489063897158802385e-02
-1.788437749785644904e-01
-2.110362796647677619e-01
1.045761200708544836e-01
-2.476829354816523221e-01
-1.325153468874032958e-01
1.253690288493630178e-01
1.501488921868839310e-01
-8.534873504393281074e-02
6.209208927470205586e-02
1.256357757740872438e-01
-1.884733309505758347e-01
-2.887202191271113771e-01
1.802285784959454240e-01
-1.858021195732564856e-01
-3.178273040585651854e-01
-2.665598071369498223e-01
-1.708228353544067879e-01
-3.100666962405936311e-01
-1.052579820612822570e-01
0.000000000000000000e+00
0.000000000000000000e+00
0.000000000000000000e+00
0.000000000000000000e+00
0.000000000000000000e+00
0.000000000000000000e+00
0.000000000000000000e+00
0.000000000000000000e+00
0.000000000000000000e+00
0.000000000000000000e+00
0.000000000000000000e+00
0.000000000000000000e+00
0.000000000000000000e+00
0.000000000000000000e+00
0.000000000000000000e+00
0.000000000000000000e+00
0.000000000000000000e+00
0.000000000000000000e+00
0.000000000000000000e+00
0.000000000000000000e+00
0.000000000000000000e+00
0.000000000000000000e+00
0.000000000000000000e+00
0.000000000000000000e+00
0.000000000000000000e+00
0.000000000000000000e+00
0.000000000000000000e+00
0.000000000000000000e+00
0.000000000000000000e+00
0.000000000000000000e+00
0.000000000000000000e+00
0.000000000000000000e+00
1.448712722275854459e-01
9.948702804488346318e-02
-2.084104856693302921e-02
2.100001649086268851e-01
-2.359542439887254150e-01
-1.466473516997866267e-01
-2.390804067900759167e-01
-2.866070623698230291e-01
2.994890680298973318e-01
1.819933058053181396e-01
-2.484866294996363745e-01
9.402617262338902604e-02
6.560973345576870397e-03
8.687512964292226636e-02
-3.847512110285605802e-02
6.212058345918824998e-02
7.087918196199655130e-02
-2.314886611102892067e-01
6.350858483759769246e-02
-1.266604411420234055e-01
6.692298881863506521e-02
-1.160691068185132069e-01
2.248325128341321366e-01
-2.405025935075788546e-01
4.506972710206313959e-02
8.741939743546700559e-03
2.082130658539001478e-01
2.767578921384206136e-02
-2.141312157434156760e-01
1.074219888597128802e-01
1.247437359897003994e-01
2.434179480020866593e-01
-4.343280477614724910e-02
-1.931559014915620320e-01
-2.637014988522700110e-01
1.930863665150464037e-01
-7.507157083556600941e-02
1.285089508662417557e-01
-1.859940105442495772e-01
1.374220078181577209e-01
-1.992432184736245282e-01
-2.863491230401422061e-01
1.945277715649229577e-04
-2.703238486601300394e-01
1.617866763471914604e-02
2.743602429652055030e-01
2.088197067299179532e-01
7.486513217289725297e-02
-9.873917062392303934e-02
-2.382816101922920482e-01
-9.863414613727927716e-02
2.183164922531187213e-01
6.576761665104546850e-02
-1.682300634807303852e-01
1.564441879091083565e-01
-2.371018720807765434e-01
3.410980439867672409e-02
-1.794759123460583083e-01
1.452741920875575410e-01
-2.902504195573827883e-01
1.994912111348597361e-01
-2.187209548543756488e-01
4.271849947897765620e-02
1.112313784946303841e-01
-7.433708790195570071e-02
1.084398300760865963e-01
4.724687056645054950e-02
1.104060588974615231e-01
6.760673932936778208e-04
1.709872748278409849e-01
-2.442148813898955551e-01
-2.403172593207938412e-01
2.505129452063210027e-01
2.008113817456796402e-01
-2.894713453006316772e-01
-1.233268145351340273e-01
2.760572843700137557e-02
1.510264235537619459e-01
6.086984468671552406e-02
2.686881722353020030e-01
1.604239645267507841e-01
-2.553006944015053792e-01
-2.006110031895663171e-01
-2.514750529758451592e-01
2.403347754997693930e-01
-3.028400035046918681e-02
1.124061873051849236e-01
1.874340709744068412e-01
-2.553811040123207254e-01
1.317662268643111090e-01
-5.094351157952153875e-02
2.064549905852621214e-01
2.844787054206300847e-01
-1.970612011788995810e-01
2.128620406449019398e-01
-2.786994149699140721e-01
1.832398386685214486e-01
-1.864677257412307443e-01
9.648339276464557024e-02
2.818278926614100066e-01
7.115601390303427642e-03
1.119818319628311798e-01
-7.638613940689459314e-02
2.889043163546048398e-01
-2.724464431587769186e-01
-2.114929246101875937e-01
-2.654918798906320543e-01
-1.653684754133336043e-01
-2.958173986231742436e-01
-1.841120231783640038e-01
-1.582552990861308961e-01
2.422100760358724680e-01
-2.821267920233879734e-01
-3.259822413605512059e-02
2.267859004384114585e-01
1.282404947728132960e-03
2.026946565356019803e-01
-2.759853843468763612e-01
-3.472931626357517176e-02
-2.978278435564314375e-01
2.559845312037095089e-01
6.847630763875423021e-02
5.364698208261131640e-02
2.702221467965797985e-01
-4.446604913502238965e-03
2.401431919731540909e-01
9.860017768339501831e-03
6.393508270137304716e-02
7.076039328969430109e-02
2.037380415437694547e-01
-1.771027371412950413e-01
-1.763577993195026838e-01
1.106289905195853573e-01
2.324730335144429838e-01
-4.306092709720615863e-02
2.232608549233777162e-01
-1.316408576423539756e-01
2.021724840201055140e-01
-8.825898117151642630e-02
1.522894967910579100e-01
8.870958108174487045e-02
1.732907198828101958e-01
-4.193260190071423921e-02
8.251907828944521350e-02
2.784926047847592900e-01
-2.097948482523894764e-01
-2.318670664256221592e-01
1.844816254620724183e-01
2.314249209297177257e-01
-1.988290886093178056e-01
2.465083185198104210e-01
-1.239563699077420589e-01
1.095495724291136730e-01
-2.390313421467635813e-01
8.742576833099369171e-03
-2.714580404519173484e-01
-2.162819299651395633e-01
-1.580570367041219948e-01
1.556200374484289495e-01
1.081517448335034270e-02
3.408997197693230952e-02
1.778374632824064605e-01
-1.566318940989236130e-01
1.758185509260375978e-01
2.064824395135113622e-01
2.545116976513518980e-01
1.774569763872084205e-01
-2.929409496096607168e-01
-1.169930769387263481e-01
-1.008850428505127794e-01
2.890893061173211431e-01
-6.186008272866566626e-02
4.338830032876583864e-02
7.233247794333280689e-02
2.216437771959200442e-01
1.108540771019210225e-01
-5.239912022980147688e-02
2.973841062968200499e-01
-7.111240724884143605e-02
-2.579720963805785527e-01
1.961669461213065291e-01
1.530833621972141345e-01
-1.802437502679037629e-01
1.809200947885530320e-01
-1.268725889708433030e-01
-2.500967698062603883e-01
1.007799015862467784e-01
-2.165158814433266465e-01
8.645697495525739296e-03
-1.355560484090468087e-01
-1.235358172284197198e-01
-3.915595848178138327e-02
-1.990984306109144231e-01
2.542312545989544592e-02
-1.172448251285569953e-01
-2.471728716667005721e-01
2.931176174884227437e-01
4.722946596134852681e-02
-2.034116282183374980e-01
-1.667723723501312316e-01
-2.098312403103497203e-02
1.767850402207277183e-01
2.140107954346623376e-01
-2.660052663867956690e-01
-2.688610536601252488e-01
2.192799144467271755e-01
-2.994070249796991767e-01
2.880264722030967395e-02
2.045949994552143658e-01
2.274343691174394722e-01
-2.098006286038750501e-02
1.621011018007998961e-01
2.898975091384608516e-01
-2.490161729405173385e-01
-2.817703221663160895e-01
-1.855044676840651441e-01
-2.205908216389354803e-01
1.722465804980964355e-01
-1.021476999374169026e-01
3.437304973417193432e-02
2.872937880627561280e-01
2.861392419202369308e-01
-2.472920505397110391e-01
-4.849286283701792488e-03
-9.491622622254780595e-03
1.241046393018576666e-01
1.523004064436222493e-01
2.380141567977288042e-01
2.774938402593679077e-01
1.106431430227846624e-01
-1.276208349287352439e-01
1.834177424513100951e-01
1.675797192801498081e-02
-1.963445224597125949e-01
1.847735465963596946e-01
-9.314947263936787514e-02
2.340184991378680412e-01
1.920043818172094685e-01
2.482907706189150798e-01
2.426705153590139052e-01
6.999567825894087436e-02
-2.916111750863403795e-01
-1.582732455745941014e-01
-2.911214761677671792e-01
-1.636276584033467263e-01
1.329486019059544777e-01
1.291571147098581340e-01
1.284510760004434204e-01
-2.300069470721033404e-03
2.727256277673357210e-01
-1.581782729805497612e-02
2.223349985869856327e-01
-9.936562458065714698e-02
2.757820306364494045e-01
-2.560410474749673648e-01
-1.007757791499902800e-01
2.484328898717504397e-01
-3.048295725981426396e-01
1.706657526889032717e-03
6.307088103096597509e-02
-1.890746198768620268e-01
1.849343582925018215e-01
-2.775036984076370561e-01
-5.093411458813545956e-02
2.436072900131325270e-02
-2.206039018955691100e-02
-2.100434080829546302e-01
-1.306868877035636534e-01
-1.853508184659483915e-01
-1.896321975616428457e-01
-9.572872513996988353e-02
5.387432547128012672e-02
-2.796759396377699880e-01
2.824691125543121739e-03
-2.651891328710474505e-01
-1.325397781437696598e-01
-9.067235920692320872e-02
-2.785607020975852666e-01
-1.583942435664459081e-01
7.868853315255314174e-02
-2.581260773470467340e-01
-2.713291821945384430e-01
1.285986589107471767e-01
-3.153018264343604438e-02
-1.068637929206671389e-01
2.253001137693319555e-01
1.129771665235700939e-01
2.347958199404312496e-01
1.071961844495550320e-01
-1.431971339918280128e-01
8.258237707754706447e-02
-9.174571366540609785e-02
-1.921740942522323359e-01
-1.390751792897111372e-01
2.758174923388456157e-01
-2.500510015859021551e-01
-2.069425836553086817e-01
-2.973800480772300081e-01
-1.810775939876362872e-01
-2.510025051250172057e-01
-2.453955490621825830e-01
-2.854166662470597471e-01
1.973093892532150062e-01
-1.236340977794742058e-02
7.748931876094494742e-02
-1.487156659092949695e-01
-1.870023263897947485e-01
3.403460528394508522e-02
9.097288159259375728e-02
-4.842752873165728777e-02
-2.848419646104803915e-01
1.775263154703939361e-01
-1.435238995623318581e-01
-2.179238998480065859e-01
2.630396750539150674e-01
-2.326372605264473148e-01
2.787733117658560134e-01
-1.884194533481379497e-01
-2.972213671764860621e-01
-1.782693922562092748e-01
2.493873982777437548e-01
-1.863225814127128510e-01
-2.427414368274247725e-01
-2.208928530460478323e-01
2.428632918226860116e-01
3.768382238634820913e-02
1.214442955020368364e-01
4.172232001956965863e-02
2.206143608836666492e-01
1.049672282353806274e-01
-1.293211385501645272e-01
1.003144529311135735e-01
-2.595446904140414901e-01
-2.387192617412359219e-02
-1.990517138837910593e-04
-1.881166654437108898e-01
6.955124711643850821e-02
-1.653778480577000609e-02
2.033449477644914682e-01
1.073137578397495018e-01
-1.857477303397880863e-01
-3.879645802348113959e-02
-2.963586991293895578e-01
-2.997361248077941021e-01
-1.456790793787831328e-01
2.900212932459978465e-01
-1.716036280470737141e-01
3.048558966339970921e-01
2.885957642719125249e-01
-1.218494127747386524e-01
5.910872015923734901e-02
-2.144806440034264239e-01
3.750245654868017420e-02
8.705028565988859324e-02
1.616967529847011531e-01
-1.229523658416725729e-02
2.711666751629230876e-01
1.247158381232482682e-01
4.451809958261626621e-02
2.584947220464746676e-01
-1.260128771523061908e-01
-2.271992910847523417e-01
8.739234728339106972e-02
-2.250841525648745733e-01
-4.822488087359494413e-02
-2.661220656807141705e-01
-1.241054772472006962e-01
-2.639620023565947271e-02
2.454403199547471881e-01
1.337891655147442904e-01
-2.541208743964531447e-01
-6.178347922477370191e-02
-2.518798261473463307e-01
-1.107349705867028689e-01
-9.812875344851312853e-03
-6.627767044788110407e-02
2.977244458576400743e-01
-1.480508678698320701e-01
1.500145673823119474e-01
1.965493938089645787e-01
-2.937024974634979690e-01
-2.652061004393988508e-01
2.353525416109983337e-01
-2.641327173705900200e-01
8.455461274151004902e-02
2.886079893647517935e-01
-2.120690197468205751e-02
-2.202380732066330782e-01
1.075355739335125960e-01
-3.969849844014727847e-02
2.612965780345334887e-01
-1.280763009394227103e-01
-1.051223486384626760e-01
-2.693239275351730355e-01
2.446979996501003618e-01
-1.669803541634120037e-01
2.675557287887142532e-02
-4.357783898122818966e-02
1.038139916229713355e-02
1.110150862011260453e-01
-1.125556875867450568e-01
1.094044260810155267e-01
-1.519968430190922482e-01
2.827586351666952491e-01
7.840722406721922777e-02
-2.877986599187202787e-01
2.051697133949643148e-01
-2.908455135297930427e-01
-2.455709036367232090e-01
2.529199134318634301e-01
1.970091620532343213e-01
2.088782191142777855e-01
-1.487279383845681036e-01
-1.952543222508156817e-01
2.423704981812832560e-01
7.683788737513769229e-02
-9.591512520319106505e-02
1.533400620963617511e-01
-2.460484076910430251e-01
-4.262866111888669041e-02
6.853414616523273439e-02
2.474418411041870436e-01
1.445480776384271970e-01
-9.339896328691327243e-02
2.059696861822808978e-01
-2.951672322477793542e-01
9.794980149199844499e-02
1.765532043181535782e-01
1.700083797385852358e-01
1.359568958056299182e-01
1.990200071767624368e-01
-2.034535575413243258e-02
-3.033182508644353681e-01
-1.529402837915551927e-01
-9.623887192517982525e-02
-2.092695303666619877e-01
-2.097056675604360432e-01
2.924878686321215615e-01
-7.777947147492636493e-02
-1.052639466525656931e-01
1.665213596944410956e-01
8.522754251027664374e-03
1.288724027737899736e-01
1.657115875020349627e-01
2.170722329676599283e-01
-2.939649736639709521e-01
2.602287018496614590e-01
-2.212460198014664092e-01
-2.976145369938778540e-01
-9.940400660892481643e-02
-1.136290163962689892e-01
1.806227249389524281e-01
-3.931206550155513790e-02
-1.822661452919577263e-01
-2.137755450098706711e-01
4.285750999095022662e-02
9.088602866786021917e-02
1.008400772760021935e-01
-1.888836020812707517e-01
-1.708004441846877886e-01
6.841601485650844472e-02
-2.445545071755539368e-03
-7.491697855068901735e-02
-1.430323024805308929e-01
-1.979622190803803639e-02
2.658048933218853382e-01
2.001468296303977046e-01
1.483039538890145170e-01
1.070553151287171323e-01
-2.500201114750612019e-01
1.566340556166984643e-01
1.536142508117216421e-01
-5.270837485839630077e-02
-2.691708484202610663e-01
-1.392332961083580234e-01
-1.273351811484456642e-01
-9.589506022938010243e-02
-1.325875114945046507e-02
1.755583268313260503e-01
-2.157991602535827003e-01
-1.960480810062242285e-01
-2.420678746680954563e-01
-1.210891521238267321e-01
2.990784723592240790e-01
-7.886806827516801288e-03
-1.975422396147435422e-01
-2.002420468945954601e-01
-1.509365313141441678e-01
-4.300829392749000446e-02
2.097358316690102753e-01
4.055158352646853759e-02
-9.346049817421991923e-02
-2.520806703762691336e-01
-1.404711959910291685e-01
2.833509203336940785e-01
-8.674227432464345910e-02
-5.112436164118822068e-02
2.414677768326101703e-01
7.795655641180254669e-02
-2.523408554584570251e-01
-1.529458063792646094e-01
2.180856153008234322e-01
-2.625689916543892943e-01
8.317373395558674831e-02
1.032858804465565661e-01
5.295959429873525748e-02
-6.141238786512909220e-02
2.798632442135018938e-01
2.571540328530263486e-01
5.863328899126385441e-02
-4.162764695902609891e-02
-7.502100705398070946e-02
-2.529337585676181277e-01
8.136328310337698211e-02
-8.474053774695483598e-02
-8.437817045274867422e-02
-1.995902452525121495e-01
5.427923602357659361e-02
7.447328820876142341e-02
2.313263395723011429e-01
1.426191246681903779e-01
1.729133862084542006e-02
-2.970514991559367601e-01
1.530303883757182515e-01
1.910832624080238129e-01
-2.718255096397957371e-01
8.827700864018089844e-02
1.901383052431167009e-01
-1.676632330514964131e-01
-1.159364908659125115e-01
-1.797997263403819657e-01
-1.749747632865603919e-01
3.869497578390362902e-02
2.528510531339064893e-01
1.706210136167973790e-02
-1.266752550336405214e-01
1.367258377013338966e-01
5.339376098260240067e-03
1.193524021767450316e-02
1.153929038463487045e-01
-2.167142876697249476e-01
2.639006733993379261e-01
-9.507235386134482713e-02
8.550182674681672257e-02
-1.175332339596771303e-01
2.796610198685129389e-01
-1.184340364893141095e-01
-1.707881938202931160e-01
4.237672751838916785e-02
5.301130716805652066e-02
1.346079137421235528e-01
-2.028664801620099212e-01
3.354498115681109338e-02
-1.347612753920249262e-01
8.964212098527468697e-02
6.954914768462672203e-02
-1.880227641386483239e-01
-1.635686436781313979e-01
4.995331135184244431e-03
-5.702157361250459466e-03
1.325184922117420006e-01
-2.853264456079381839e-01
-1.986698433394963881e-01
2.038128659404576104e-01
-6.848666580570511586e-02
1.440147804928748609e-01
-2.950253200458455849e-01
-2.829375222189944861e-01
-2.792270772505538456e-01
-3.038532856724486253e-01
-1.000160991111930242e-01
-1.116612691256698153e-01
3.156941236699545295e-02
1.010179167001139522e-01
-2.819398766461828076e-01
-8.558249947955232084e-03
-2.249152177522492080e-01
2.465604644059226636e-01
-1.740216159690108899e-01
-1.155297914241567303e-01
-8.901957813291086485e-02
-1.812324417743788052e-01
2.639084604675902557e-01
1.110883785941129132e-01
-2.911066991414525962e-01
3.131002554460027287e-03
-1.234483429605815474e-01
1.865503849633359246e-01
-1.906795995129634269e-02
2.182368935311504443e-01
-1.072936143031756606e-01
1.786245301311342737e-01
-3.308445346908267526e-02
2.160315815997981281e-01
3.029033669084137403e-01
-2.014857266189577223e-01
2.707769698781721801e-01
3.031044820290830777e-01
2.838942458056674112e-01
7.901623969175697315e-02
2.241964319550901474e-01
-2.083683766798438697e-01
-2.669564505731951698e-01
2.182445279757803669e-01
4.547599304888982896e-02
6.909018712363018677e-02
-5.011865390574515855e-02
-1.546873062597403370e-01
-1.586173461509917115e-01
1.001780146930824622e-01
-2.640021161277504858e-01
2.839143625255132197e-01
-2.018166897746292154e-01
-9.970805199959073550e-02
-2.722526693127108044e-01
2.587304506851539898e-02
2.364297182054322932e-01
-2.302161989527448660e-01
2.004508943861360026e-01
1.003960971991663675e-01
7.924553732386790950e-02
1.181788340253945302e-01
-1.016136131941652587e-01
-2.425715374821948989e-01
2.856778470999731812e-01
-2.107926891356987631e-01
-2.794374494234722062e-01
-1.551223060436054679e-01
2.155677629645774140e-01
9.696417006143065453e-02
-1.827008949093018031e-01
2.776792994540016601e-01
-1.518186240518354657e-01
-1.271462895137486226e-01
-3.440325739495336821e-02
2.295498432005729783e-01
1.234106349879282583e-01
-2.740325775099008432e-01
-1.589456276967330939e-01
-1.194624891124801414e-01
-6.427400386732293192e-02
1.981139180977215530e-01
2.614819158109556452e-01
-2.245083441139431035e-01
1.466119808905638755e-01
1.943491419891048566e-01
8.122193946807576559e-02
-2.978866087561995446e-01
-5.734739964583082661e-02
-9.108546709123815921e-02
-1.762755555955095588e-01
1.383424822774916851e-01
2.567456933915289174e-01
2.017212602940271493e-02
-3.049628306270131817e-01
5.938785430633142237e-02
-1.893747615152959196e-01
-2.033093586057664881e-01
-1.869373887043167537e-01
-6.666921032237843603e-02
1.768713816938831673e-01
-2.577802879020392179e-01
-2.944385801561335003e-01
-2.900950189212926356e-01
6.436104893653432635e-02
8.375180150236455345e-02
-1.601703071473098705e-01
-2.180284203713083735e-01
1.359949084449002532e-02
1.250977473956715880e-02
-2.054655104573704372e-01
8.622164247647895463e-02
8.605917298575799235e-02
-3.782389245777706410e-02
-2.055192717173416894e-01
2.665836461582277161e-02
1.256185604672204192e-01
-1.640419414300877121e-01
4.030069761709276221e-02
-1.748216495055713859e-01
8.041662946438815629e-02
-2.106235197759662725e-01
1.771679626180860945e-02
-2.195709937943339796e-01
2.980527786280074420e-01
2.395691997724641031e-01
2.126277487582793335e-01
-5.164532240183111744e-02
-1.617174003175337049e-01
-4.131516683308311677e-02
-6.577953097529720683e-02
-2.304976461929548748e-01
-2.054260679500594933e-01
3.980773133037762701e-02
1.847223707353479183e-01
-1.468043731480306591e-01
2.705945531769398671e-01
7.798388140633433219e-02
-1.644012141453114195e-01
2.757695978777478518e-01
1.417974609902638572e-01
-2.553491568365456876e-01
-2.139416508710068610e-01
-5.158577349765935960e-03
-1.488929720560012715e-01
7.783681718676327410e-03
-6.180456420192184663e-02
-1.170340385460598431e-01
2.743068891846321411e-01
-8.914958341094061933e-02
-5.976078647936644561e-03
2.591207429405024132e-01
2.615521884349688020e-01
8.022683480831438452e-02
-1.319504333295730691e-01
-2.399143705327675957e-01
8.215068689427246218e-02
2.123047079479169486e-01
1.830275186209264215e-01
-2.349159726066842591e-01
-5.405030717123093797e-02
1.751293394448877327e-01
-1.625762345217043603e-01
-1.396953132473975068e-01
2.115924902163026089e-01
-1.313460642165559245e-01
1.044962712284104311e-01
-1.458759106816224227e-01
-6.694481576587976712e-02
1.266407666794065467e-01
2.095305118161788216e-01
-1.869707230060012049e-01
1.242540240169566212e-01
-9.150619034186155409e-02
2.244457008988400282e-01
-4.356107600414871328e-02
1.330061767203649659e-02
-2.131248597614918139e-01
-5.116066549187420209e-02
2.476220944897259968e-01
-1.759760010537418373e-01
-2.548169686827299607e-01
1.672898316700161536e-01
8.824767463996824324e-02
2.211105965706913756e-01
2.895684735419932765e-01
1.019938040452106343e-02
2.453636516770873466e-01
2.882139975941107601e-01
-2.530951131232776485e-01
-1.909975571528545468e-01
1.629349467288504494e-01
3.024549188544232714e-01
1.616730303271187164e-01
-2.979291079546615428e-01
-6.777276450452363044e-02
1.994494162763438272e-02
1.149580043247088734e-01
1.125222174009664622e-01
-2.107347729528948055e-01
-3.022136386138437047e-01
9.894436562645941846e-02
1.225999812505694231e-01
-2.917619500440288838e-01
-1.335930798350592752e-01
-9.432137223675729487e-02
6.033960316993663975e-02
5.960731326209456338e-02
1.508029924179245529e-01
-4.751254253715714304e-02
2.190058598880672558e-01
1.086686323540131394e-01
-1.945910868310659902e-01
1.979197162214982320e-01
-2.128924318609522193e-01
-2.218444765888351600e-01
2.447185396676351821e-01
6.580148901383897631e-02
1.677683768782948781e-01
7.538821309843568574e-03
-7.097052008041060400e-03
5.082614433028570522e-02
-1.622094296834161176e-01
-3.046482892042323698e-01
8.835613673439329796e-02
2.208480640374669846e-01
2.986488623379890406e-02
-6.928529190127974413e-02
-9.938802044543526559e-02
2.949757998860169095e-01
-2.135183631112183567e-01
2.417787811516671215e-01
1.950517472768908411e-01
-2.598665188833564899e-01
-2.477414504495199787e-01
1.266939164933979511e-01
-1.177398600676417828e-01
1.550803107106633605e-01
2.922947915583081202e-01
-2.184685579460915461e-02
-1.712304817979369842e-01
-1.508882759711765442e-01
5.065579634752626070e-03
6.054567537417387957e-02
2.858551607969052610e-01
5.924425986315151604e-03
-2.259527903716321284e-01
8.394574268989551946e-02
-2.382315380528343407e-01
-6.375107342900285246e-02
8.368189161221023520e-02
-2.694662699869334044e-01
-1.081618559183010753e-01
-2.017213720480494077e-01
2.261069928653671179e-01
2.235788177701831247e-01
-1.669365121763788651e-01
-6.057392495117014386e-02
-2.234927332000034017e-01
-6.773554835933726093e-03
-2.640463652549067120e-01
-1.871551956128754690e-01
8.822889718554549621e-02
-2.655122778956361396e-01
1.625486564323469496e-02
1.445793203389064696e-01
1.030536945405350902e-01
3.021572033886815167e-01
1.213637302041736254e-01
-2.846604264721875888e-01
2.853906449968082737e-01
1.600612528905713261e-01
4.873599127091321481e-02
-2.280704884960765566e-01
5.334397789665545897e-02
-1.490402353021175186e-02
-2.595556841628458011e-01
-1.060251969438044672e-01
-2.060317488008341913e-01
-2.651950926730600178e-01
-1.545796650416429441e-01
2.086450839774620092e-01
6.366124917949489426e-02
2.603744463537657761e-01
-2.760868322773789574e-01
-2.084777697592703483e-01
-7.511274086300254171e-02
-1.559507221539055966e-01
1.182664355496793607e-01
2.587502371938685264e-01
-2.534055703975914842e-01
2.227608893215310415e-02
1.168308236306254133e-01
1.782462497408493496e-02
-2.732739831654619755e-01
-2.606550064329900551e-01
-2.000874306539668912e-01
-1.904138320357240399e-02
2.053915673535285369e-01
-5.747186396191950042e-02
1.600981606158112802e-01
2.666219634785950698e-01
-1.457495801290566162e-01
2.773767215697566235e-01
-1.543877901625066995e-01
5.945536976294690801e-02
1.475203932285051311e-01
2.195664167926010824e-01
-8.080130042495689557e-02
-2.591119772523483578e-01
-5.334603723827990862e-03
-9.223398346914216117e-02
-2.354580783673558275e-01
3.813182093113698379e-02
-2.966973869141918407e-01
-1.655758556775304147e-01
-1.434188481584410813e-01
1.474083493665215294e-01
-2.766741293926858747e-01
-2.586759035274671104e-01
2.329103954388825337e-01
-2.841528980303631990e-01
2.809088514441072104e-01
-3.033813809745002366e-01
8.873123271697852532e-02
1.159060921836474467e-02
-1.365059864162382341e-02
-2.697317198958792961e-01
1.006614309224070358e-01
1.849285175825756133e-01
-7.397247017385769063e-02
-2.618356728567475256e-01
-1.134616396283226747e-01
-2.132988252993199274e-01
-1.297181068068377630e-01
-5.565544877711808835e-02
3.047505406884865597e-01
2.951165594420062654e-01
2.932595068148419748e-01
7.369929763405058676e-02
-4.244950712957262784e-02
8.608313095682723626e-02
1.588626377038052651e-01
9.885783024845734568e-02
1.478527953868657985e-03
2.116899387023820078e-01
2.146966103865630138e-01
-2.533501193216724512e-01
1.059646077492161220e-01
-1.845338248590133734e-02
6.922197242669925199e-02
1.707216044283013656e-01
-1.973993557731025528e-01
-8.614306990674014397e-02
-1.625525892484121493e-01
-1.028345188811480293e-02
-2.508285749283467592e-02
2.035775356787490886e-01
-2.698835241330681534e-01
-5.583043755119287965e-02
6.904764134796831376e-02
1.773423022320547160e-01
8.885780759107214655e-02
-2.981323999384979384e-01
5.349646820092524013e-02
-2.251660311387990721e-01
1.438695639688930550e-01
1.374661207385015071e-01
2.688940088167786624e-01
-2.689629020176755869e-01
1.069712408360963818e-01
-5.045022031373208593e-02
1.545742661414134522e-02
-9.092936604543966350e-03
6.061788261749662121e-02
-1.313705622025381214e-01
1.975260941963695172e-01
2.932922216464849963e-01
4.378229995290733312e-02
-2.526492763892695947e-02
1.560605477612311276e-01
1.527478140742823953e-01
-2.071194929648915717e-01
-1.933040074797704178e-01
-1.075687891458839140e-01
1.393865745199209805e-01
2.897071895653205442e-01
-2.995096398414344718e-01
-1.748146249255699003e-01
-7.853912449010569397e-03
-3.204699372337099783e-02
-5.538326191035825019e-02
-2.097775066537735655e-01
2.806482513136157597e-01
-2.076739857400841105e-01
-2.552471393185207216e-01
-6.846410898857405170e-02
-1.261924304121041784e-01
1.140767942276514901e-01
-1.332667514609230663e-01
-2.664192765723008005e-01
5.067535266328410115e-02
7.312949662735351852e-02
6.526697230619049606e-03
-9.321486163791264934e-02
-6.189329844678254089e-02
7.282271233546477873e-02
1.639062193864676553e-01
-9.824765045698302668e-02
1.550609693625521479e-01
2.063164544890973562e-01
3.052680099667172686e-01
1.928394334137413790e-01
1.540063386786998945e-01
1.793083607507816035e-01
-2.193537239943628148e-01
2.929968014860003245e-01
-1.705357023167450026e-01
-3.160013748196449646e-02
-2.276283280850877055e-01
1.707810461458610374e-01
7.879478904437875464e-02
-4.054669897497115150e-02
-1.751859652405410028e-01
2.065357545247475946e-02
-8.143991020409666048e-02
8.100735202268893875e-02
-1.990000110665676725e-01
-6.032434027245986430e-02
5.629003188375492073e-02
-1.341820544020727590e-02
1.066179436276671333e-01
-3.352992352021094691e-02
2.556287275006637327e-01
-1.619117384001820537e-01
-2.732072097366511354e-01
-1.045690799487247746e-02
-2.148607620806695928e-01
-4.677654093339889130e-02
1.034437939190586131e-01
1.896484123757674056e-01
3.047920612382853389e-01
7.694061880863428682e-02
6.358127719649597775e-02
-1.210194977933933269e-01
-1.674209725950197569e-01
1.804750450450590127e-01
6.810434226671219227e-02
5.265621888726573774e-02
1.791977218976729680e-01
-6.082217067476153316e-02
2.840177239363287920e-01
8.365369010546552797e-02
-2.444811262630699755e-01
6.188943766696081150e-02
-1.194901640499485551e-01
-4.399782947208125128e-02
1.505961074560001611e-01
-1.790472518191797702e-01
2.082382879742845083e-01
-1.974808603419606623e-01
2.481248638682224672e-01
-1.018753295060471631e-01
-2.003258360290391948e-01
0.000000000000000000e+00
0.000000000000000000e+00
0.000000000000000000e+00
0.000000000000000000e+00
0.000000000000000000e+00
0.000000000000000000e+00
0.000000000000000000e+00
0.000000000000000000e+00
0.000000000000000000e+00
0.000000000000000000e+00
0.000000000000000000e+00
0.000000000000000000e+00
0.000000000000000000e+00
0.000000000000000000e+00
0.000000000000000000e+00
0.000000000000000000e+00
0.000000000000000000e+00
0.000000000000000000e+00
0.000000000000000000e+00
0.000000000000000000e+00
0.000000000000000000e+00
0.000000000000000000e+00
0.000000000000000000e+00
0.000000000000000000e+00
0.000000000000000000e+00
0.000000000000000000e+00
0.000000000000000000e+00
0.000000000000000000e+00
0.000000000000000000e+00
0.000000000000000000e+00
0.000000000000000000e+00
0.000000000000000000e+00
-6.490859229799927910e-02
2.929309565509277680e-01
-2.409279584134040586e-01
3.147152452154530766e-01
7.027442989960613895e-02
2.688473958546899745e-02
-3.850021179852564646e-01
-2.931471416341135949e-02
-1.900611106858614563e-01
5.935943750149164089e-03
3.549502238011531530e-02
1.132768241181742463e-01
4.462006094224052477e-02
-2.196626957291086535e-01
1.998969713160797523e-02
1.002455259532379905e-01
3.026666168399551604e-01
4.084518701275818842e-02
-2.025470407591622446e-01
-2.750116801390329879e-01
-6.317689178544710904e-02
-1.330196378703603632e-01
-3.149987190230998380e-01
7.436317356357696751e-02
1.693583691920720891e-01
-3.827366283272086167e-01
-2.343219269873000055e-01
-3.047599560292130749e-01
3.611028786896453013e-02
3.190727446960796576e-01
-3.729445875912168473e-02
-2.218196775084151640e-01
-2.672814972937515021e-02
2.724160671674084599e-01
9.516227095510587652e-03
1.126993047670383219e-01
3.488266682275606434e-01
-3.481445904743639130e-01
2.977215389554858649e-01
2.285595239910889753e-01
-1.789599509211442507e-02
-3.315683416595224253e-01
2.562315617235710330e-01
2.090067272398605236e-01
2.510302424446644864e-01
-3.771895088300423193e-01
-4.232924387890435458e-02
2.204411513810605183e-01
-2.288770993631965844e-01
-6.928150130628302206e-02
-2.950372537272632489e-01
-1.499162992343380518e-01
-8.095385498006418823e-02
-2.424109875625229116e-01
-3.041022316098940248e-02
1.974460800479951872e-01
3.360057656897788569e-01
-1.835260997458718901e-01
-1.386170553332864430e-01
-1.530496402396089028e-01
-5.247198070620406885e-02
-1.861501503981155270e-01
2.755415145180835634e-01
1.840509468533196302e-01
2.703300386030634272e-01
-1.737044690284934578e-01
2.873772834179054159e-01
-5.308199331906382490e-02
-1.529425748901321325e-01
-3.611122397834881648e-01
-1.852979294968176704e-02
3.010770775622478301e-01
1.423888831665987564e-01
9.559549326129435087e-02
3.374699441806638389e-01
3.874944812758420176e-01
-8.266345102050026705e-02
2.606371882196474865e-01
-1.338395931350924717e-01
2.553266085140065145e-01
-1.537500772880065758e-01
1.317609547243455137e-01
-3.610246412516192049e-01
-1.963514430459326054e-01
-2.283026650698666282e-02
5.029523156536014339e-02
3.933815776738777692e-01
-2.859791282300876980e-01
-3.889109854002863464e-01
-1.182790405001599710e-01
-1.282822840804409559e-02
-3.182770808048379640e-01
-6.197699075191520635e-02
-1.722990750808136018e-01
8.147670945972329548e-02
2.046019879919179218e-01
2.869675022952148935e-01
1.986496297554661283e-01
-1.564474288095779597e-01
3.757186443537931519e-01
2.585273010718423525e-01
3.379667688502568379e-01
-7.303887852016111015e-02
-1.388181240114957360e-01
3.314974746014420215e-01
-1.032092681798749134e-01
2.805890725975655475e-01
2.148854910575648258e-02
-2.260542209431460614e-01
-2.273409568038690931e-01
1.208033562023586027e-02
-8.554738145156542961e-02
-2.066336494397055523e-01
3.027066719466504074e-01
-3.338498930601716541e-01
2.718278114688577052e-02
2.404301238123787710e-01
3.299792897397036406e-01
9.862695599510373778e-02
-2.341357603809109122e-01
-2.983041726499485180e-01
2.922156981365142125e-01
-3.909657672173605936e-01
-3.651525912979307620e-01
2.298141128563567226e-01
2.020208861870554373e-01
-5.650211681197547797e-02
1.988294299633109330e-01
2.929423547940845918e-02
1.888153028103163877e-01
3.030377832804474481e-01
3.958004453093709185e-01
3.859651880706129190e-01
-1.174357959152860786e-02
1.492970552685898844e-01
-2.006995618794039649e-01
8.987667719409470068e-02
-1.021062049514731007e-01
3.454137702289108991e-01
-2.134393420992188595e-01
-8.315317264350868820e-02
2.135813807738934367e-02
2.416240433270377963e-02
-4.165095078811870133e-02
-1.456200990522737992e-02
-1.197325720721089670e-01
1.258729114444168684e-01
-3.995646133236929742e-02
-1.335177225636552945e-01
-1.610310763027502923e-01
2.961438105825348055e-02
-2.071948595378075852e-02
-2.758760572694605173e-01
-3.159265662495846505e-01
-1.403438124286296440e-01
1.591705237930966521e-01
-2.886771608372347697e-01
3.196536233146092809e-01
3.795507687751250026e-01
-2.192103679988295362e-01
-1.272342933407222265e-01
-2.235083091784903775e-01
-1.852342138299755137e-01
2.301006005019567424e-01
1.601759731565406963e-01
-1.110698639078981365e-01
3.677861999920699065e-01
-2.095187793838518830e-01
3.628799703740228089e-01
-3.960374197987151512e-01
2.658741219748888551e-01
-3.606146329860228095e-01
-2.421095783517426270e-01
1.849700770065770827e-02
1.550509374151053943e-01
1.556824911167244418e-01
-8.506415607376549559e-02
2.716219808245477485e-01
6.133454018395234630e-02
9.953254925697674338e-02
2.367236182605798045e-01
-1.726081874588175913e-01
-1.088422440954801007e-01
2.648332727986222879e-01
2.681234644398408640e-01
3.353170651267384783e-01
-1.799589014845347223e-01
3.566114065795461530e-02
-2.025727694682749880e-01
-2.879453411232155702e-01
-2.892608533897129686e-01
1.851918951252519707e-01
0.000000000000000000e+00
0.000000000000000000e+00
0.000000000000000000e+00
0.000000000000000000e+00
0.000000000000000000e+00
0.000000000000000000e+00
0.000000000000000000e+00
0.000000000000000000e+00
0.000000000000000000e+00
0.000000000000000000e+00
0.000000000000000000e+00
0.000000000000000000e+00
