2.031203953736092083e-01
-1.226968836893136405e-01
2.046332968341166292e-01
-2.320675236587383394e-01
-2.426577486788228377e-01
-3.503596937258296462e-01
3.590291574639707384e-01
-2.496008219504578518e-01
2.158447132961995307e-01
-3.007498474697845592e-01
1.560198818838779977e-01
8.392500872255070909e-02
-1.193780933223668739e-01
-2.716338111736006922e-01
-6.883787473487967823e-02
-2.090297327291535112e-01
2.604975487487625752e-01
-1.738139372892250900e-01
7.748249751683933262e-02
1.578308006121222351e-01
5.456503564399323158e-02
3.095789542413275863e-01
-1.117903052805814257e-01
1.313371459559611876e-01
1.822216529745228075e-01
3.344825020999905862e-01
-5.446789983995675710e-02
-9.710843504598509757e-02
-1.710924723194582331e-01
1.879283627219077712e-01
-3.531119487406920721e-01
-2.139345488946010621e-01
-6.464622258144997469e-02
4.400069584162524805e-02
1.004054531583148391e-01
2.023413622778094667e-01
2.072556426719124323e-02
2.127823804320416734e-03
1.438542253138156979e-01
-2.307809326719235943e-01
2.869379360413904512e-01
2.016304033795268680e-03
6.914284806545728523e-02
3.120046656939325369e-01
5.818093931088880177e-02
-3.105173105877105932e-01
-2.448251992523240994e-01
3.634466952747174573e-01
1.631453158397087599e-01
1.704042135236346067e-01
-3.065377225169583775e-01
2.994443320647462436e-01
7.391619328057308369e-02
6.074237975278412582e-02
-4.426735599306652613e-02
2.117828146156808256e-02
-3.218223240244612038e-01
3.580061341007356734e-02
2.272511628901534020e-01
1.079634223204227195e-01
1.174612905222527925e-01
3.097881190621876168e-03
1.093168059048453267e-01
2.905509958209972488e-01
4.827077523185141494e-02
-1.938028222720080129e-01
3.582723170350854969e-01
-1.384851984499231303e-01
-1.458754397535802216e-01
3.585028194573737781e-01
-1.732878533545825217e-01
-3.078800199750106326e-01
-3.569556547674585523e-01
3.486349917488359984e-01
-2.815117800052401864e-01
1.816030788567237209e-01
-3.406638765931073176e-01
9.975658161146983005e-02
-1.800057521658440518e-01
6.387814811912928548e-02
7.057465809591634276e-02
1.166754693222395445e-01
5.512408947046509855e-02
-6.881535409807343351e-02
-8.380612930517433723e-02
1.972102499960793343e-01
7.774220511527685229e-02
-2.310357827978769818e-01
-7.743893029307225007e-04
5.991538543760721591e-03
-3.124623627254567437e-01
3.145788638664686609e-01
-1.293675905064912701e-01
-1.965876628618505595e-01
1.769514639016211976e-02
-3.636735939852001054e-01
1.069095217826206978e-01
-8.391760400501585559e-02
-4.749695088510219598e-02
1.843784564353176392e-01
3.166738368155542216e-01
-1.826560133178175838e-01
-9.332682022532146071e-02
2.020775990316887039e-01
-7.079870814164618276e-02
3.130133119865228797e-01
4.569485799223521605e-02
-7.434245855380550161e-03
7.023140152929552293e-02
4.226792470235590793e-02
3.392784813281939926e-01
-4.918948190003719079e-02
-3.113447439480097056e-01
2.335755311647206844e-01
-3.152049847103586266e-01
1.685016140360832693e-01
3.645289295220512371e-01
-3.149316944393315554e-01
-8.245023294901232536e-03
5.879474855070754291e-02
-3.437470958993293912e-01
-3.385779163884553578e-01
2.800706197429103095e-01
3.627403406927285912e-01
-2.657122628426522581e-01
-1.338910296007111422e-01
3.458881422884450552e-01
1.075992894476984763e-01
-3.569682837004183318e-01
1.641035436966926109e-01
-2.666366080711257691e-01
4.015849761659140427e-02
3.194455652496795417e-01
-2.170372686996578371e-01
-1.886298158700927263e-01
2.036015999235697982e-01
4.693379834535621464e-02
-1.504114007589124058e-01
-1.416544923765165609e-01
-5.569729046038796039e-02
2.232544702162418404e-01
1.067464914584055902e-01
1.651998905288520336e-01
1.850320656258760965e-01
1.359824982050061859e-03
-2.233146701542914614e-01
2.388746703289362228e-01
1.938471472797528850e-01
-2.189387984999202341e-01
2.436569324227721434e-01
2.714425618618328540e-01
-2.297579333753876629e-01
8.165686046966624811e-02
-2.665250895755556515e-01
1.114625769070674566e-01
1.002032062157757752e-01
-3.247203762095801083e-01
1.879216132858124166e-01
2.891336255771598251e-02
2.868950060560270798e-01
-1.809071631589638796e-01
2.287894969995957761e-01
2.632537460053003264e-01
-2.069570456514840673e-01
-9.746183455567991594e-02
3.297294345810095062e-01
3.415940441391563387e-01
-2.852093770584792631e-01
1.770903669863934105e-01
3.032366625161508344e-01
3.283653782616502981e-01
-3.065215800397932400e-01
1.966733259364863984e-01
-3.371941045324917674e-01
-2.151243844173151565e-01
-4.929408693642217676e-02
2.431830594904627052e-02
-1.107665139917390906e-01
2.693629139959226593e-01
-1.469408138775943340e-01
1.608796497648968260e-01
1.385592943199745464e-01
-1.843564655607760616e-01
2.114199984848657565e-01
2.006467650127654045e-01
-3.700896585068043088e-01
-1.948214481502368034e-01
-1.088258918741822900e-01
-8.405116033407100673e-03
2.982050963983151060e-01
1.917623902060427987e-02
1.092553390912495148e-01
3.243561954229399746e-01
1.492065429706776469e-01
-1.179781883546994203e-01
-1.047559029237999373e-01
1.155310957861717669e-01
-2.803989010632155776e-01
3.231662236114786757e-01
-3.492796611544507490e-02
3.682771671303520233e-01
2.209444524138958754e-01
-5.156575099399501871e-02
4.666568099018142401e-02
-1.875254992006396559e-01
-2.071703092571986204e-01
2.880738752666787694e-01
-1.748019388468644020e-01
-9.904998737733650138e-03
-1.274943104777359060e-01
1.569172844119017252e-01
3.566994485998470910e-01
1.872958100066261511e-01
2.263407168189721097e-01
1.730731093451434721e-01
-6.776774328858309326e-02
3.344611669277399169e-01
3.307406704518042750e-01
-2.347054861010727800e-02
3.019956993713137083e-01
7.072492630128002222e-02
2.199123937151083452e-01
2.211769317476792174e-01
-3.645759582946872523e-01
3.306383347307095266e-01
-2.673636711573318947e-01
4.521671976482666278e-02
-2.907276621711873954e-01
-9.033993194671946503e-02
4.641586914956319365e-02
-4.140170745479954117e-03
-3.203422564211675372e-01
1.807983223347967017e-01
8.687483768008447127e-02
-2.288924222286866095e-01
2.519067000203359386e-01
-7.422413499140434467e-02
1.145038563457565495e-01
-1.286651217437388972e-01
3.645311368283841724e-01
3.261233605057068385e-01
1.466295937964540164e-02
6.977115605037553792e-02
3.474730067472636130e-01
-1.489521282645099864e-01
-1.452707971664210229e-01
-2.249989809298140464e-01
-6.926516919186315180e-02
-5.802114967093602305e-02
-2.580889653296042363e-02
1.175220579984569413e-01
-1.557675458241696009e-01
4.731872008240300964e-02
-6.455245279034366179e-02
-2.069166398750053315e-01
1.403749903456344428e-01
-2.615375693332165907e-01
-1.589113133550090207e-01
4.939258799227758123e-02
-1.659471232442524813e-01
-1.737509020444530095e-01
1.928470811603341661e-01
3.509551348004051330e-01
1.614821708498295760e-01
-6.924963048941318311e-02
-3.416465423385524058e-01
1.413968467097291293e-01
-2.504862442088247043e-01
-2.643628388684139408e-01
5.486866416497598875e-02
-4.295095137404719710e-02
2.028280981047546061e-01
3.488487195462737778e-01
1.704062809088399688e-01
2.762113258839745122e-01
2.824908048998088783e-01
3.358211834820377661e-01
3.158950785784048754e-01
2.589887544172136402e-01
1.593496658850387937e-01
4.526810090907262829e-02
-2.444288516184827953e-01
1.534252829079273961e-01
-2.089688952201149696e-01
-3.650232547948134010e-01
2.185758198497216864e-01
3.774951908921542199e-02
3.101824373273056046e-01
-3.229716598751358192e-01
6.157513075043336004e-02
-1.104101026761282744e-01
1.878509776468280656e-01
-3.663193425970928674e-01
-2.341993570624545384e-02
-1.316877129180155370e-01
1.442846874177385330e-01
3.423655555220450619e-02
-3.595869704167977132e-01
9.698029826610082837e-02
-6.990703649557394872e-02
4.439207758070662369e-03
1.265122852887969329e-01
-1.186675077155291413e-02
1.879255523269567907e-01
-3.339671181421066670e-02
4.238633671496278010e-02
-3.439010796857749908e-02
-1.086285437986688751e-01
-5.553901222275348104e-02
-2.124575255037573773e-01
1.244788570909969860e-01
-2.420380455230691785e-02
1.727166075977222826e-01
-2.136164127428592796e-01
2.779502468574425733e-01
2.180081119062934891e-01
2.159302139747532601e-01
1.012237473601965698e-01
7.664674062563547885e-03
-1.834312818824715419e-01
1.452074013389727525e-01
2.767651288339358362e-01
2.981127861129834744e-01
-1.722765772400430828e-02
1.616960370460960861e-01
-1.258336359391676318e-02
-4.118034082233024140e-02
3.340192171680303468e-01
3.231252111130815119e-01
-3.051961924855923214e-01
-3.286103110908344949e-01
-9.346520277924402764e-02
-1.550756294998167639e-01
3.110661397992331989e-01
-3.568474413955114444e-01
3.704287051504344119e-01
-1.052511361582204041e-01
-1.244064871431125874e-01
2.500195585112552910e-01
-7.304209903786357261e-02
1.235168815058481084e-01
1.235564005048728764e-01
-2.544077596166282595e-01
1.977393559679197499e-01
-1.977225986077164044e-01
2.550442481832409514e-01
2.443849791326553889e-01
-1.571650407243337932e-01
2.213254490124670348e-01
2.393287841790297521e-01
2.820907969129322068e-01
1.647469505304036130e-01
0.000000000000000000e+00
0.000000000000000000e+00
0.000000000000000000e+00
0.000000000000000000e+00
0.000000000000000000e+00
0.000000000000000000e+00
0.000000000000000000e+00
0.000000000000000000e+00
0.000000000000000000e+00
0.000000000000000000e+00
0.000000000000000000e+00
0.000000000000000000e+00
0.000000000000000000e+00
0.000000000000000000e+00
0.000000000000000000e+00
0.000000000000000000e+00
0.000000000000000000e+00
0.000000000000000000e+00
0.000000000000000000e+00
0.000000000000000000e+00
0.000000000000000000e+00
0.000000000000000000e+00
0.000000000000000000e+00
0.000000000000000000e+00
0.000000000000000000e+00
0.000000000000000000e+00
0.000000000000000000e+00
0.000000000000000000e+00
0.000000000000000000e+00
0.000000000000000000e+00
0.000000000000000000e+00
0.000000000000000000e+00
8.672441810672576468e-02
2.847413709049109731e-01
2.144693149500185858e-01
-1.764172680214212419e-01
2.793398057512971877e-01
5.589736081809809631e-02
2.154782506786626084e-01
2.099287502657121718e-01
-1.538828581577580956e-01
1.963877727039108900e-01
1.991069902087957977e-01
7.882770536887589996e-02
-2.048949414804029923e-01
1.005970848136253371e-01
1.452804294906842597e-01
7.843585973606737038e-03
3.016914446514961656e-01
5.124582357512408315e-02
-2.438964311854875111e-01
-5.132276603136548543e-02
-3.045081752651538354e-01
9.279652193300802487e-02
5.974156966712657058e-02
1.731976007286301633e-01
1.086965306042229629e-01
-2.440299889980518111e-01
1.572337981256431427e-01
-2.442303995654516169e-01
2.689176106695384538e-02
-2.149900245032110302e-01
-3.697651554715053468e-02
-1.628640217399577317e-01
6.858028345527317216e-02
-2.476620457721735447e-01
-2.529169970481062735e-01
-2.105515153996584399e-02
9.371076508874415234e-02
-2.078119448863341434e-02
2.117805736275474304e-02
1.681837489567516442e-01
-1.675468255416514562e-01
-2.482438741421801598e-01
2.296318339213509474e-01
-1.174471767187041937e-01
2.610090714474035400e-01
-3.040649114053312063e-02
1.974843136316483672e-01
-1.322660311542390721e-01
-2.546719165205205138e-01
2.645396589659359532e-01
1.874717242108118187e-01
-6.199088372618630216e-02
3.296268086046982848e-02
-1.767814289583637677e-01
-1.895742662567807546e-01
7.720409648349296772e-02
-2.887330521173554487e-01
-9.296929401725786968e-02
-7.579884856580329511e-02
-1.757643933484850651e-01
-5.203041968190424971e-02
-2.718133465989024944e-01
3.052539025433407827e-01
3.003132419163828670e-02
9.196104117167369640e-02
1.451871195850589213e-01
-1.014759334080539421e-02
7.663574961797953167e-02
1.813381807000968848e-02
-1.935105980356360833e-01
-1.889853624374359942e-01
-7.600107986741241883e-02
8.361554614085564552e-02
-1.333940002803964964e-01
-1.447719625250417363e-01
-2.669327507982516834e-01
-4.485177663038741880e-02
2.118330852795213826e-02
-1.969849298438252627e-01
2.151799804534098581e-01
7.909952818319965218e-03
-1.255732855616992494e-01
2.612376957560879620e-01
-1.711369403327821503e-01
2.061383308862562713e-01
1.025192842876145871e-01
2.934237595130503862e-01
-1.806506179320827021e-01
2.012174547188746998e-01
-1.727297933604321489e-02
1.196717273671403792e-01
-1.549522504546789192e-01
-1.968836656827371856e-02
2.404314672369471384e-01
-5.708036974048591450e-02
-2.661025456235833753e-01
-2.334419590049129634e-01
-1.070731087170489204e-01
2.850793850536242346e-01
2.579750587689753627e-01
8.284415952154455809e-02
-2.925573632017008929e-02
2.066617509274467079e-01
-3.460113643398932126e-03
2.139940369402236198e-01
-2.415337037060309444e-01
-3.061185894415405229e-01
5.457355888678733224e-02
-2.913871173240627499e-01
-2.731653283305400803e-01
5.146089792246688610e-02
-2.399500820787011657e-01
-1.979903313445531277e-01
-1.134046451972070269e-01
3.320395261679282006e-02
-1.707599029860467632e-01
1.090144141862012805e-01
-2.287213817587882003e-01
-2.766131572886533774e-01
-4.146016335912366957e-02
2.619190072478339570e-01
-2.411788454810004367e-01
1.699379787777338668e-02
8.757314244805058934e-02
1.261249673844692110e-01
1.268760321376791178e-01
5.014465912690829752e-02
-2.576600288813839512e-01
1.068660422240694796e-01
1.610335098582817981e-01
7.216011438692276903e-02
-9.972399572275278401e-02
3.970702213941962322e-02
-1.740699977662097386e-01
3.019479689351831087e-01
-2.395374118344675840e-01
-6.600589266553930079e-02
2.719627586444479106e-01
-1.099388951892471267e-01
2.125288517577944569e-02
2.465417902944087580e-01
-2.498260737049309288e-01
2.760185771437280722e-01
1.524990754177455998e-01
-1.478320443892971181e-01
7.761070227274485811e-02
1.589763011753445032e-01
-1.710126277020720675e-01
2.859170568680394209e-01
-5.065002153074371627e-02
-9.979709898824704051e-02
1.339723472947818017e-01
1.064099697840724112e-01
-2.006359832601389281e-01
-1.009622420079553939e-01
1.962337821316892383e-01
1.098999509579751122e-02
1.873006313204462203e-01
4.048523626426436817e-02
-2.511938829717753618e-01
1.613538298255740022e-02
2.747404172040761039e-01
-3.766360223501075133e-03
-2.768765121687979391e-01
-1.360616532961750891e-01
2.297517891828945724e-01
-1.724085658080740380e-01
9.104823857730603986e-02
-1.508328915718833152e-01
-2.162590742971697011e-01
1.490201227547137131e-01
1.202493531650463132e-01
-1.434033041997329061e-01
2.838485929460947133e-01
1.345320154219220576e-02
-3.573922442850308023e-02
-1.544452178625930761e-01
1.361950325943103723e-01
-1.351749465756867108e-01
-8.340401880340966856e-02
3.018272030038928189e-01
-5.568785802743669855e-03
2.342670574995548427e-01
2.767402105970808157e-01
1.349791890342962875e-01
2.677410702806465870e-01
2.342993118774798211e-01
-8.656002209043459072e-02
2.394317579930756446e-01
2.565027864290443937e-01
-1.896643783079576817e-03
2.059228987685720047e-01
-8.770358934537314521e-03
1.948428712838134458e-01
2.805100942533920727e-01
1.896964674050894417e-01
-1.361125833488579517e-01
3.806338671975817434e-02
2.168307813362195247e-01
2.215123983814519248e-01
-1.061513047048840419e-01
-4.740697548177735809e-02
3.127741930526989345e-02
8.710940260814586944e-02
2.619562355969384804e-04
-2.153449920093175041e-01
-2.161258553714434094e-01
-2.053575604486324035e-01
-1.770057723816424178e-01
-2.006121181671291498e-01
-2.187996175291128109e-01
-1.495775426154950793e-01
5.229575023294330549e-02
1.325112360946881229e-01
1.074480834060183021e-01
-1.709963226764771027e-01
7.506502044990870370e-03
-6.468159998508482555e-02
2.999919224841384735e-01
1.907894656011765444e-01
1.815449268717602704e-01
-3.416744569054303016e-02
-2.851877614721064491e-01
-2.340613392925477987e-01
-1.448466565335754241e-02
1.255104375992475707e-01
-2.526645366890467592e-02
1.849492643367694478e-01
-1.643710390136469968e-01
2.698152901262129699e-03
-1.676379666668358914e-01
2.593287847042648475e-01
-2.370430093452391418e-04
1.926279657641732923e-02
-2.499711553391891217e-01
2.251819997426645625e-01
2.183379248637964953e-01
-5.933553834781801761e-02
1.426671203316740022e-01
1.052351449778775594e-01
2.862558013298441284e-01
2.189238006860761421e-01
1.939352541239156014e-01
2.781362671000705000e-01
1.141328524905014796e-01
-7.913896881304954833e-02
-2.308945600456361602e-01
-1.928672387773229802e-01
1.324720562420557690e-01
1.645445634127681855e-01
-1.391756819400907230e-01
-1.638918198924110559e-01
2.978851644161179535e-01
-9.096429743622180819e-03
-2.832919575601732243e-01
-3.509281091048627177e-02
-1.389572865938880908e-01
-2.836166074856827368e-02
-1.905801220027044662e-01
-2.270085843468994391e-01
-1.687741673783089147e-01
-1.437015605293301412e-01
2.280007053631842306e-01
-1.942135308184017584e-01
-2.749938673127989563e-01
2.065123477320604528e-01
2.077198437475302195e-01
1.663343934220860576e-01
-2.097090782378142615e-01
-2.650155574365650746e-01
-2.063676695138448869e-01
2.118000716012641282e-02
2.021398471667629759e-01
-2.467803820905367651e-02
-2.293748095939542042e-01
2.234516864761615929e-01
-2.040653899196475940e-01
-2.019838410308850141e-01
-2.150591938770207712e-03
2.595682231017177322e-01
-2.575245909720288995e-01
2.455172600914972691e-01
-2.081702770605621811e-01
-1.588336263853700192e-01
1.341550061643596026e-01
1.384110539716540966e-01
2.502926285961067365e-01
-2.607110989593878214e-01
1.432189297412606588e-01
3.425048157550902861e-03
5.997485641615729612e-02
-1.773437693551223604e-01
1.272457053541090066e-01
2.607909008529977757e-01
-2.285824341448025876e-01
2.190973735426929303e-01
-1.807134872570440032e-01
-1.161282413698331573e-01
-1.352904092901188737e-01
-8.727203384462814406e-02
2.261090465981308029e-02
8.196083449047986136e-04
-1.276749462810905789e-01
1.433037637717254342e-01
6.577505709984876603e-02
-2.691576545122863484e-01
2.464022302754505511e-01
2.642269376218644994e-01
1.332896717685810861e-01
2.620272161477415485e-01
2.996509248953045934e-01
-2.599822630798679923e-01
-2.796505333054167264e-01
-1.093711702662564234e-02
-8.581821772469455656e-02
-2.527419698871578579e-01
2.201624051355698941e-01
-1.539409728952120526e-01
1.605034814822109412e-02
1.012085825041340592e-01
-9.564510195519210223e-02
1.460058345446106354e-01
-9.385167386849302407e-02
2.842138697374096967e-02
1.210332524357295991e-01
-2.804140786098365812e-01
-2.268184536819903840e-01
-1.331571436344797243e-01
-8.292651304468104390e-02
1.931958196754355872e-01
-2.306205805203019876e-01
-1.089774407018765934e-01
-2.463241028746583350e-01
-2.916379616316127077e-01
2.102392261000186058e-01
2.329372911736275475e-01
1.567235098402988136e-01
-1.961119151501353741e-01
8.982771868479760835e-02
1.048204077482304264e-01
-2.722064249439639649e-01
1.083872355255748876e-01
2.499321663107862412e-01
-3.030788184136560814e-01
9.124659698436787814e-03
2.887430361602216777e-02
4.702750634166691368e-02
-2.561862503942011760e-01
-5.985865385494448798e-03
2.079967848570301592e-01
-1.180334264691625390e-01
-1.991163843291927082e-01
-2.813661397781291318e-01
-1.785169317955837553e-01
-5.490497726843412973e-02
1.099773832793413120e-01
-7.368927334304450905e-02
-1.726358790227175977e-01
-8.635525756403533704e-02
-9.484828116394403152e-02
-1.459085415838534683e-02
5.788355658036259399e-02
1.589479967093423984e-01
1.570304464734024741e-01
-1.834717276508040507e-01
-2.401530169958909777e-01
2.803596281649547994e-01
3.322292782961366875e-03
-1.014570245482848410e-01
-4.053183688600986434e-02
1.082358943362206616e-01
-2.755225649252589504e-01
8.591653569501034315e-03
2.052432263141578672e-01
-2.969243779374814984e-01
1.815090777225305541e-01
-2.584077297122464589e-01
-2.422619177388022904e-01
-2.591211318737647318e-01
-3.732071725944746676e-02
1.943975005490704011e-01
-1.261470584852490695e-01
1.948770742002488565e-01
2.659499325470821574e-01
-1.382722355470297759e-01
-1.983067833142319880e-01
2.221096212894906885e-01
1.642673757883771901e-01
-2.610709767167969098e-01
2.862498974218357639e-01
-2.708833676586784867e-01
-2.104835372451334674e-01
-2.018546950813469576e-01
4.408029563763549152e-02
-2.668069216202242355e-01
-6.031684805304646235e-02
-2.756632854489143303e-01
2.798857831973921573e-01
-3.382288521493770350e-02
-1.820824417376874227e-01
2.221937692472183978e-01
-1.995524814197206509e-01
-2.206215909986494750e-01
1.579659533096711144e-01
2.704031933598914361e-01
2.384012043071276898e-01
2.631987406655352246e-01
1.346566621581745116e-01
2.951328729924009298e-01
2.884354704570028516e-01
-1.870867031490924537e-01
2.779595245723043839e-01
8.944608821067384641e-02
-2.054302098934751575e-02
7.912974453904830785e-02
-8.040215593662539129e-02
8.185996794057243120e-02
-1.517790885421884950e-01
8.837273333210504678e-02
-1.393437450424789836e-01
1.124302112182647417e-01
-9.620075278528023022e-02
-2.142876086252261392e-01
1.293562916478899760e-01
-1.575865059489815478e-01
2.486108945402464854e-01
2.922111269662128197e-01
-1.340512224486582749e-01
1.991294565256540583e-03
1.325099128048512487e-02
1.332879260273893141e-01
-2.213284457137519312e-01
-2.466069855241614928e-01
9.745952558597337223e-02
-1.591086671226430715e-01
2.259150937766907230e-02
-1.995401747360630862e-01
9.692259194436136926e-02
1.770668046874175339e-01
2.146690021701121442e-01
1.752704390791790523e-01
1.160595345703139269e-01
-2.952482321900160578e-01
-1.645533796640814284e-01
1.744519957737226679e-01
2.769574052806291209e-01
1.741769971206931777e-01
-1.379481208294055239e-01
-6.817505361298620281e-02
-1.191561461042084380e-02
1.412346661296403627e-01
-5.531218684448929723e-02
-1.187599302026313142e-01
2.495349779820461023e-01
3.259158492606994972e-02
-3.423632727628894701e-02
3.857434947088489441e-02
-6.278478123250369469e-02
-1.536461311101943727e-01
2.408081244887695926e-01
-2.680465751703748900e-01
2.932244123130978708e-01
6.264857456321260010e-02
4.788285636280925628e-02
5.476271185557990417e-02
-2.166299961740625335e-02
1.261915623453851998e-02
1.667348047131682054e-01
-6.221793981700951548e-02
-2.514328504610590098e-01
2.551943195705824730e-02
-2.364459910672830345e-01
3.993919146815666510e-02
2.723441939376741172e-01
-3.605561647323374252e-02
1.055930022186425399e-01
2.640832846407623058e-01
-1.034394029562360762e-01
-2.115749824207871777e-01
-1.135680573339651334e-01
-6.996214029463201922e-02
6.860243821462447267e-02
9.119959524621945590e-02
2.505639816364822470e-01
-9.683345799911036167e-03
-2.381320740862737095e-01
2.507849952502403945e-01
1.952330387705156212e-01
-1.227802113650791893e-01
1.683126308014823436e-01
2.380381666859074374e-01
2.702167982177256511e-01
-6.405076438429038732e-02
1.658843989706853539e-01
-5.426325386415908891e-02
-8.895806925637908535e-02
-4.523372693545812950e-02
5.570235031750397914e-02
3.015890631452765036e-01
-5.597014322259175056e-03
-3.191633186676473555e-02
-4.549962292871018166e-02
6.321909335596170854e-02
-1.457439087517337084e-02
-2.529636763286991497e-01
1.131112140714961023e-01
-1.987137223096101246e-01
-2.148742217981777225e-01
-2.973636009098699073e-01
-1.485592977662340552e-01
7.116989630982001325e-02
-2.398055314288394801e-01
-2.657538211387915905e-01
1.617368717945723011e-01
-1.426936678565049466e-02
8.114353494175413628e-02
1.603691035257781006e-01
2.533438605469705007e-01
-1.871582185469284343e-01
-2.568054816033535914e-01
-2.416737459919897635e-01
-5.660980536003051844e-02
-1.525835015982401899e-02
-2.800562452976712025e-01
-9.910888327515368634e-02
-2.137146787396327074e-01
-2.121724697823481609e-01
1.590457479153425391e-01
-2.981669821615202665e-01
2.830382727918538399e-01
-1.329564359074432989e-01
-1.555175186037904556e-01
1.075743596220890552e-01
7.096564994399751081e-02
-2.931668560054557227e-01
1.055383672922806659e-01
-1.723705517486600891e-01
-2.173352872159051152e-01
-1.630880581157061748e-01
1.725835484993901714e-01
2.818394587835446052e-01
2.565509482636440519e-01
3.938424202182966294e-02
3.219556669650214253e-02
1.565103614158294687e-01
-2.662660313151704594e-02
2.354652022524872379e-02
-2.937843363174053035e-01
9.651874029126145116e-02
1.818232879434583116e-01
-9.958391615601691615e-03
-1.719109731290295040e-01
-2.864751430752948691e-01
-2.871708459794504731e-01
-4.583238204029504992e-04
1.149651407647277468e-01
1.019448877657066488e-01
9.091488274460274299e-02
2.103049381935543916e-01
8.518549060836388964e-02
-2.515770735744482511e-02
5.208321092157647270e-02
1.063174592336872393e-01
-2.641913039975428146e-01
-1.663445593475612883e-01
2.540436524390765616e-02
1.746561328879661645e-01
2.425737863653666948e-01
-6.173736142055852305e-02
-2.984535756496703440e-01
1.104330419993493351e-02
-2.957990854648113177e-01
-6.408566825279357615e-02
-8.486921667721902818e-02
2.329554739608546421e-01
1.441252930411538458e-01
-1.801398384873080238e-01
4.850184032386173349e-02
4.722523005745055125e-02
1.371289145425473310e-01
-8.893824385322074422e-02
1.470757174809674273e-01
2.340846208136144191e-01
-7.560194752650062355e-02
-1.705683322514095213e-01
1.332228379488374359e-01
5.426266106742960726e-02
-2.752797176997188178e-01
-1.251778747075306952e-01
-1.403247324909956406e-02
-1.105076511478635393e-01
2.877184807388089016e-02
-2.547180672013726332e-01
-2.917335863346194325e-01
-1.884201536787453723e-01
2.308891439066543261e-01
-2.499456978648211813e-01
-2.455506113347993846e-04
-2.168651214292543761e-01
7.779853358491567450e-02
1.916970837973620001e-01
2.662350364027993854e-01
6.791571542064850364e-02
-7.998783438376075305e-02
2.282427606766007089e-01
-9.889022379632442239e-02
-1.162048558208987892e-01
1.434751231986879372e-01
1.800494846539348326e-01
2.557629018294593215e-01
1.772218101627126563e-02
1.236346441706376309e-01
-1.495630061645206732e-01
-2.936560812655337194e-01
-1.374629848297284629e-01
-2.354099998514314618e-01
-1.604033934382343429e-01
-1.463613823599874963e-01
2.270854676512729653e-01
1.711293188506083918e-01
-3.753656309489716847e-02
-1.048427453088968120e-01
8.835928888475752530e-02
-7.869729886642376493e-02
-2.886328777372643151e-01
3.037982073561476537e-01
-4.799911513548110742e-02
-2.015399132968634377e-01
2.166424700679385196e-01
9.973281319188953553e-02
2.709361822603416070e-01
-2.897908470200402098e-01
2.522289258877276619e-01
2.861163794437521779e-01
-2.464303483456681265e-01
-1.445740464738306807e-01
3.599702216450456627e-02
-1.706070028965459284e-01
6.521135331638100441e-02
2.704567752246239687e-02
2.522365899996293348e-01
1.150714997236383930e-01
2.902005344629972616e-01
-1.931351777499897282e-01
2.690258211021746004e-01
2.433413802124252956e-01
-2.047693857471010737e-01
7.531509479108350336e-02
3.547051745727952676e-02
1.849574179685636310e-01
-1.457029803869077933e-01
1.294890179029528632e-02
1.168046253534453793e-01
-1.203451254168038942e-01
-1.390112312987900889e-01
-1.204315102111144786e-01
1.720643736787493827e-01
6.270462915461572084e-03
2.037401358719441169e-01
-1.764031546037244935e-01
-2.851780676578231088e-01
2.004750664012959205e-01
1.003507333408664159e-01
8.544310164304175226e-02
2.803294987106620950e-01
3.750144441069125367e-02
2.300740832670752911e-01
-1.140389848534933970e-02
2.676356169808982721e-01
2.157397133327731975e-02
2.155077715164298024e-01
2.477679990458883652e-01
1.890891560873198540e-01
2.633286002602705511e-01
-2.134817436480905273e-01
-2.008995873934152354e-01
-1.858817592257608342e-01
-1.686497490801816823e-01
8.973841708379348692e-02
-2.767033669890602288e-01
-2.838443425990246349e-01
1.762328652350674263e-01
4.252275923174203554e-02
-3.658715911776266871e-02
1.568154901924032063e-01
-2.291980479370544499e-01
-8.889331291847060723e-02
-2.246260493531707092e-01
-2.637708736041288193e-01
2.075668371121108802e-02
1.255545319820680072e-01
-5.093327869602604085e-02
1.572977501976924875e-01
-2.852460498715123638e-01
-3.043846238199379717e-01
-2.063694769532198325e-01
6.961173334276549163e-02
-7.004051301325300849e-02
-2.394043989891787572e-01
1.325261471441643857e-01
1.646937136570901239e-01
-5.068307441003672142e-02
-1.349792678792302025e-01
6.850944876394710059e-02
-2.083337845369021002e-02
-5.039436305409539241e-03
6.199996541750424361e-02
-1.270467739036862387e-02
-6.090412519878371511e-02
-2.909432861310977114e-01
6.014486962474330234e-02
1.867839060680420715e-01
-1.002645361127983969e-01
1.875841094673926790e-01
-9.976441041490566319e-02
-2.327495816779818760e-01
1.748899449290770569e-01
2.708713724305809589e-01
-9.022276180694199788e-02
-1.086610382739192915e-01
-6.798257101902438482e-02
-2.104297725189643031e-01
-2.128884037558507192e-01
2.027102079599602535e-01
2.307337336313667886e-01
-3.437900963663642617e-02
-2.063267099590302411e-01
1.380689697438576835e-01
-8.255566670745409508e-02
-2.068165381264056579e-01
7.184605613457667461e-02
-2.393651436341788230e-01
5.740160537855620859e-02
-1.833399098803258354e-01
-1.645175470095816550e-02
2.718026604953381331e-01
-2.414343768610914265e-01
-6.016409249785462099e-02
-2.029884572023149536e-02
-2.270290645808491770e-01
-2.203446748726263504e-01
-2.358858587927730732e-01
1.109402492899850823e-01
-2.726953230434165376e-01
-2.221839807199183503e-01
-2.182357762504418264e-01
-1.521971670400915633e-01
9.224696410082189324e-02
8.059712237316440930e-03
6.120292454840903229e-02
-1.270398728067659577e-01
1.720070426204155511e-01
2.110873334757332187e-01
1.834940593631115280e-01
1.284946690585886953e-01
2.026708608598585815e-01
-1.983392841573741183e-01
-1.336871780943487131e-01
-1.313173568672886260e-01
-2.370496316731779685e-01
1.350909402720327779e-01
4.660754371850478472e-02
-1.503923123437058140e-01
-3.277130015639451166e-02
3.216746060117436912e-02
-1.165063620452307935e-01
-1.754893008427780843e-01
1.218665888198264824e-01
-4.163393150930144726e-02
2.586960911926802775e-01
-2.048156931414307214e-01
-3.017349008908514207e-01
9.837058632974859940e-02
1.193685924936832010e-01
5.703373918946641474e-02
2.100786457986973388e-01
7.986649746440660502e-02
9.708154369162641517e-02
-1.792335667729629545e-01
9.588432858165174544e-02
-1.249678622755409918e-01
-1.472109601538378054e-01
-6.298073244567548024e-03
1.941916835254696161e-01
3.561753521619176466e-02
-2.198723064139189443e-01
1.243503751230815024e-01
2.560826869915728277e-01
-2.436842490569338660e-01
9.328364255970933439e-02
3.294261917950574992e-02
-2.718823666160958830e-01
-1.429985619678686148e-01
-9.976333041842247451e-02
-2.457197089679084290e-01
-2.245945200710975365e-01
1.965331990309409638e-01
-2.738108949587522711e-01
-6.278796757638610559e-02
-2.321367931779670379e-01
2.327264316251800857e-01
2.110191145734305329e-01
-1.852570073139603313e-02
-2.054746329340162714e-01
-1.863312274879413422e-01
-2.466833174090757030e-01
-2.409713357152492019e-01
-2.343629102986986290e-01
-1.694208538896681271e-01
1.497816578708436874e-01
-7.463548187074986462e-02
2.690772397963832607e-01
5.767240119273747689e-02
2.818439616577310125e-01
2.659344412643629973e-01
3.283370016639658440e-02
-6.861456157804299294e-02
-1.211704298437665805e-02
-2.343440959052956463e-01
1.321846781291964312e-01
2.740399479305942188e-01
7.212826997746163427e-02
-2.224506380920447945e-01
-2.262201155429227617e-02
-3.676781452198968347e-02
-2.765030259645844257e-01
-1.535802152685899202e-01
-1.532184178452544454e-01
1.690413473007147394e-01
1.678716628923099252e-01
1.500227979993857819e-01
2.773190814843416452e-01
2.249515590800569842e-01
3.061367432760290774e-01
-1.529739570058046005e-01
-2.208091034592566948e-01
2.271928405051341637e-01
-2.913137595886824971e-01
-1.062050470089295207e-01
-1.978763685039480746e-02
2.739763691556243441e-01
-2.937728594291409423e-01
2.564436768163583236e-01
-1.458626696659305888e-01
-2.811515693439832209e-01
8.784499685066637920e-02
-1.638912883454470559e-01
-1.646962556691951851e-01
-2.834202376033361781e-01
6.999498171571749694e-03
5.027738435609280243e-02
-2.781166031647623882e-01
2.735760157030025508e-01
-2.094287631819451434e-01
-1.453939767289839646e-01
1.097574501023964588e-01
2.292527185029915038e-01
-1.904304416740511818e-01
4.657285345121525699e-02
-2.651763162689827480e-01
1.446653264181309573e-01
-4.866093810209298764e-02
8.511539179191468518e-02
-4.756954924486350711e-02
-7.178652432782603454e-02
-1.062570986359462621e-01
1.423048957404616233e-01
3.033204357617789726e-01
8.219119376681854883e-02
-2.531427046597711783e-01
1.711697520143736218e-01
2.242227558726044845e-01
-5.343585727185573564e-02
2.221680612935737487e-01
2.186318679980983615e-01
-2.575783652178937344e-01
1.266507443428764312e-01
2.461794990825783014e-02
8.397112154380009796e-02
1.352305444426985526e-01
-2.399810285207345517e-01
-1.073934667640143725e-01
1.166596756171950355e-01
2.942300746041644488e-01
-1.803832572853574512e-01
3.399678313635928761e-02
1.891191358481805196e-01
-2.027119725094784219e-01
-2.048748839079468365e-01
-2.526546936276969912e-01
-2.919369527568508871e-01
-8.404956895186224686e-02
-2.046745127404689391e-01
-8.898698544148700429e-02
-1.337488578787306148e-01
-1.406466289603779951e-01
8.462395320666693532e-02
-1.275356465527845984e-01
8.001761490124731369e-02
-1.033886765353555781e-01
8.724801384407687710e-02
2.622384769695682016e-01
3.284719499527960496e-02
2.136589066500896306e-01
-1.107203414796357754e-01
-8.635009856478448320e-02
2.472451458476999098e-01
3.571231762400323140e-02
2.311521281628405311e-01
-2.854642873454293350e-01
1.354955399838259633e-01
6.144224397601089072e-02
1.596957773896308108e-01
2.375285392840908449e-01
-1.455925872610263072e-01
-1.742294756525555044e-01
1.308780264896725054e-03
-3.051656363434786523e-01
-2.492705911913230266e-01
-5.582598253174397840e-02
5.434072645527893153e-02
-2.200057957803595587e-01
-2.862591591690372694e-01
-1.220463714445750580e-01
1.183757222371857321e-01
2.198104766413342959e-01
2.254697994313402121e-01
-2.924687177421770867e-01
1.035157149165989443e-01
-1.378342872618010806e-01
-7.834684697872618120e-02
-2.966832116549507070e-01
2.356278196215080833e-01
1.265568054172643842e-01
8.291965126570283173e-02
-1.651710238584024049e-01
1.299580174371939290e-02
-2.696821691396626419e-01
-2.951727962257955085e-02
-1.854001886439879954e-01
-2.879134051935622329e-01
1.543908263705690564e-01
-2.905627960712470204e-02
-2.119112258408604177e-01
1.147355796109342241e-01
5.082859924022758991e-02
-2.909952297952504985e-01
-2.107185312147225598e-01
2.494332633664936294e-02
2.065005935275776028e-01
1.729023079937032636e-01
-2.038361993089171931e-01
-2.365645263642073004e-01
6.935739525541595452e-02
2.538068279542297634e-01
-1.181488545275982960e-01
-6.617474229612846370e-02
-1.306565244574560136e-01
-2.840072242940738789e-02
-9.140621952395622252e-03
-1.395613068119808120e-01
-2.308261033975750331e-01
-2.789336141911868405e-01
1.699094738999554766e-01
1.449192908396385038e-01
-5.952424640109510445e-02
2.180662868618040151e-01
2.042277330387395895e-01
-2.702999001746550500e-01
8.309342507670941513e-02
1.358362875861476304e-01
-2.046173342570233311e-01
2.229810089687694341e-01
1.972612385381450895e-01
-1.456009130315358835e-01
-2.361549554306102139e-01
2.616540697605151400e-01
-2.778347658361457473e-01
6.051249898014804396e-02
-2.207720780762953694e-01
-2.211052221497286918e-01
2.245071795575465101e-02
-2.599731079733966777e-01
8.686408083711394390e-02
1.699311734156345732e-01
-1.446431760327970828e-02
2.986405203829478605e-03
1.981433699263162596e-01
-1.201741304693966783e-01
6.558805947853574292e-03
2.289158239558333752e-01
2.464761661478413468e-01
1.756797185886912471e-01
1.667661975800378005e-01
-1.614330450380410953e-01
2.577039186733277032e-01
-2.453404995965582369e-01
-5.369133383467594722e-02
1.875213412722001594e-01
-4.067792935942243782e-02
-2.881265739976441864e-01
6.053617950161943595e-02
-2.440265969952008507e-01
-2.289203487906129042e-01
-6.362203271480373901e-02
-2.848930224003735634e-01
2.848984240471141849e-02
-2.852466952430445790e-01
1.265839706487759120e-01
2.087565213258324448e-02
-4.040493586613524979e-02
1.277910198695403343e-02
3.049596272693258503e-01
-1.466307317981032643e-01
-2.139664744749533165e-01
-1.971240393389537271e-01
1.239533677361724373e-01
7.733438032918277250e-02
-1.780386833905286403e-01
-1.035628390165962698e-01
-2.103834681741554857e-01
2.899088229541823547e-01
1.686457181633727598e-01
9.951106803228187969e-02
0.000000000000000000e+00
0.000000000000000000e+00
0.000000000000000000e+00
0.000000000000000000e+00
0.000000000000000000e+00
0.000000000000000000e+00
0.000000000000000000e+00
0.000000000000000000e+00
0.000000000000000000e+00
0.000000000000000000e+00
0.000000000000000000e+00
0.000000000000000000e+00
0.000000000000000000e+00
0.000000000000000000e+00
0.000000000000000000e+00
0.000000000000000000e+00
0.000000000000000000e+00
0.000000000000000000e+00
0.000000000000000000e+00
0.000000000000000000e+00
0.000000000000000000e+00
0.000000000000000000e+00
0.000000000000000000e+00
0.000000000000000000e+00
0.000000000000000000e+00
0.000000000000000000e+00
0.000000000000000000e+00
0.000000000000000000e+00
0.000000000000000000e+00
0.000000000000000000e+00
0.000000000000000000e+00
0.000000000000000000e+00
-1.993000125451329374e-01
-3.484344861332435705e-01
2.061560819604754125e-01
-2.609146995927322799e-01
2.048822097604707793e-03
-2.526056421075746350e-01
-3.594676558741087269e-01
-3.018322857704560103e-01
-8.879252482832011850e-02
-1.277271466685370727e-01
1.101197088352605657e-01
1.013170483363091678e-01
-1.867944167002455469e-01
-7.340665644106736387e-02
2.573074160132724497e-01
-2.632466171408899269e-01
2.980035298740187910e-01
3.722141629828601417e-01
-1.087777074221122353e-01
-1.659298331344749577e-02
-4.021606566446371822e-01
-1.247553070633267702e-01
-2.578179003080599552e-02
-1.249966852804136330e-01
7.981646827811184064e-02
3.330843424626256377e-01
-3.527656829818945350e-01
2.822725603694905550e-01
-4.280942009435628748e-02
4.186637939118000862e-01
3.211928772976606616e-01
-3.708560722866542370e-01
1.022595423795005232e-01
1.241218841022373454e-01
3.294286536469260840e-01
-1.781847301294860464e-01
-3.459989918261830999e-01
-2.285896213167099567e-01
3.698815425222032882e-01
4.036515941531707563e-01
3.646600716075480975e-01
-3.891353276682466555e-01
-3.356085037680301975e-01
3.025585089151137108e-01
-4.175577758405826789e-01
-3.521750774595050482e-02
3.936810294227122142e-02
3.587495052678126850e-01
6.747607934927818407e-02
4.128360003472015816e-01
-3.213365773325365105e-01
1.246299480927017811e-01
-2.813029906876870490e-01
-4.011245354953686393e-01
3.896553138670902916e-01
3.451034518747336799e-01
-1.668534846288208806e-01
-2.595318869121777672e-01
-1.004663130771671353e-01
1.901961571462457146e-01
3.342725066460927597e-01
1.490396201788161124e-01
2.244789226718778563e-01
-3.441344008244687780e-01
0.000000000000000000e+00
0.000000000000000000e+00
0.000000000000000000e+00
0.000000000000000000e+00
