2.704363995441644297e-02
-3.431367042708191595e-01
-2.413143951240509788e-01
-3.792606843551695195e-01
2.938383177408583902e-01
1.537109778007649807e-01
5.962874775118393034e-02
3.514187036671435060e-01
-2.771478819447778519e-01
1.958288450987886731e-01
-1.016721258912707815e-01
8.638581327336281035e-02
2.735098306049139061e-01
-2.084042663562889475e-01
1.234592402957027102e-01
-1.302137344469300739e-02
7.277196723709966619e-03
3.335238317680870312e-01
-3.087032301525526878e-01
-3.756154377308965620e-01
-1.365437366147057019e-01
-3.848260982809519892e-01
-1.354214235311353431e-01
-3.842091695889171543e-02
3.218938948786039256e-01
1.726837924262447643e-02
-8.082095621300794397e-02
1.077381454231760016e-01
-3.077010572863020377e-01
-2.601326722847341344e-01
3.592940297698370977e-01
-1.064631017364807697e-01
1.647440032040956015e-01
2.305414774816956780e-01
2.926268731179890170e-01
-3.060201178057853078e-01
8.201653561614596910e-02
1.220396983613501463e-01
1.228886769241000487e-01
-2.978411687941765473e-01
3.358053139535867593e-01
-2.176785341774075955e-01
2.261829739858293720e-01
-3.651120672062950767e-01
4.314062644771193833e-02
-3.478971000830056726e-01
-8.049347922688299128e-02
-2.826253025045549760e-01
1.560887944742965217e-01
-2.724823052177977600e-01
-8.473645364474446939e-02
-1.754534817628772836e-01
3.496589401502838146e-01
-2.398996547255349832e-02
1.097772093112885927e-01
2.673063762893435613e-01
2.515065015596072429e-01
1.161937164840028403e-01
1.181310727272887884e-01
3.489412485040603307e-01
1.886469175311657476e-01
-1.607414175350931618e-01
-3.331311680506897632e-01
-2.179806791283447620e-01
-2.954127433573816575e-01
-1.712081563588891131e-01
-2.070081552654874923e-01
-2.559294737730305469e-01
2.443533252301132719e-01
-2.675534416839303598e-02
3.389960167531240187e-01
2.660802507327904576e-01
3.165789788429217988e-01
-7.695535697306243872e-02
-1.835624057169787937e-01
6.250793026867762503e-02
2.989365186826598575e-01
-3.035585056560287098e-01
-1.751348260963452586e-01
-2.415909963176008368e-01
-1.672098581057283595e-01
-1.259731603846406811e-01
-2.427825826104280105e-01
-2.996895316445747914e-01
7.408082063389581640e-02
1.943693510567668370e-01
1.826039482863487939e-01
-1.360075031260190026e-01
2.113102268690897900e-01
3.294258584828286263e-01
3.501553415732293062e-01
-2.475392794949675401e-01
1.745250592697533132e-01
1.493165115391393294e-01
-2.116783966840238007e-01
-1.108325063549957523e-01
-1.399129851310304540e-02
-2.282321288203308374e-01
-3.507564105582173242e-01
-2.976663779783388919e-01
3.254119294940481244e-01
-2.405620226316562693e-01
-2.978184094303171214e-03
-8.387537593445293371e-02
3.534278548013931043e-01
2.509031115000963097e-01
-5.491631216506709379e-02
-3.264973354238873693e-01
-1.449362297400369481e-02
-2.665089458423207658e-01
-3.233254042651373394e-02
1.223744164586238470e-01
-3.396401265946036307e-03
-7.211332145591425880e-02
5.091303733032637169e-02
2.172805515089742401e-01
2.941479012765530476e-01
-3.025659656134914721e-01
1.250062788752613341e-01
-3.222882182083828817e-01
1.817954079598578798e-01
7.939479370311436357e-02
2.301019564042433019e-01
2.137082070507319576e-01
-9.911897720739415441e-02
-7.065360782124791017e-02
2.677999336059667113e-01
-1.401191977140164302e-01
3.569557113617884414e-01
1.899999970908602953e-01
2.027434599570914764e-01
-3.462736792611435521e-01
2.617714616376315973e-01
1.005911464369311226e-01
1.926883817249414599e-01
3.557973008690497596e-01
1.157919955412683444e-01
-2.421587677275596762e-01
-2.480178634667928039e-01
1.476455604679413613e-01
5.186114446082573659e-02
-8.074825040163652323e-02
-2.732198461559280367e-01
8.562385063493438420e-03
3.474447702947995320e-01
-3.648621795440120663e-01
3.659583590635774875e-01
-2.010764018448173707e-01
-3.357403291005056634e-02
3.048120676976081023e-01
3.762160537835869678e-01
-3.849365248611905654e-01
2.463829809858230635e-01
8.474502019699603483e-02
-1.008279386288253310e-01
-1.026928560898023313e-01
3.314080470701215586e-01
-3.571219098575189044e-01
2.027334214058865158e-01
-1.125627291689773601e-01
-3.402514430423304592e-01
1.782328766081576199e-01
2.409813358547147621e-01
2.974717512572640499e-01
-3.413837740694271039e-01
1.003508293014971353e-01
-7.905430186846545970e-02
1.860298571622545638e-01
-1.227333547187691720e-01
-1.935704190413198855e-01
3.616445576495722070e-01
-1.215615472244844786e-01
-4.620977760794847677e-02
-2.852048150486480860e-01
2.288017290975111195e-01
-3.481306283819703973e-01
2.157085906591249547e-03
-1.882316752704614460e-01
9.668153705006649057e-02
-1.439038599423184683e-01
-3.001086531328251428e-01
-2.436207700565999612e-01
3.681061902698710697e-01
-6.633280897959625833e-02
3.532177296646609732e-01
3.404059687924548272e-01
3.207682229362754378e-01
-1.396995860488366159e-01
-1.973669180090404651e-01
-1.309757808524240064e-01
-1.633900040503918905e-01
-8.405173136470911466e-02
-5.576854996592300884e-02
-1.973188588613567218e-01
-2.299967060779888606e-01
-2.502015628413275516e-01
-1.815666944414439377e-01
3.349479876312825843e-01
8.024987985875198238e-03
1.469054429862320932e-02
3.710647244228738040e-01
1.857773363312818504e-01
-1.732357503926330033e-01
1.743999675253443682e-02
-2.896740659724307831e-01
-3.156946577649142882e-01
-3.577205000776707555e-01
-2.275474944552389189e-01
-7.322964245707225261e-02
-3.478120416266584636e-01
2.118178536963873371e-01
-3.430516909102270806e-01
-3.512985566366794155e-01
6.525851157666590074e-02
-7.459414977739553532e-03
3.731675821212122046e-01
-2.186391890920875158e-01
-2.282636362242796702e-01
2.903659271059900182e-01
1.346522495560193433e-01
1.048869681975295176e-02
1.507000321252751074e-01
-1.177814903367629951e-01
-2.882357735675717403e-01
2.120148882013326852e-01
5.820750430437837686e-02
2.830328070417091335e-01
3.709489786486613871e-02
-8.376576092825366304e-02
-1.037597397834162383e-01
1.058831125596843559e-01
3.689743300811164084e-01
2.680565258583326727e-01
-1.443078758200974365e-01
1.373183574127557205e-01
1.140596792739486109e-01
-3.430129111570576761e-01
-1.599261488674392773e-01
2.245370763572727690e-01
2.161293757638024782e-01
-2.319225985282643843e-01
-2.238475043365356076e-01
9.112420856527930768e-02
3.825348636754984377e-01
-2.588886914102341841e-01
-2.082022838959641242e-01
-2.760390533061379825e-01
-3.705235320130184085e-01
-1.732380223201114566e-01
-7.290600854148249210e-02
-3.701307781894284665e-01
-1.692889920894126432e-01
1.590874293937836748e-01
1.259755734016054229e-01
-4.768105504699915453e-03
-2.625650505661705214e-01
0.000000000000000000e+00
0.000000000000000000e+00
0.000000000000000000e+00
0.000000000000000000e+00
0.000000000000000000e+00
0.000000000000000000e+00
0.000000000000000000e+00
0.000000000000000000e+00
0.000000000000000000e+00
0.000000000000000000e+00
0.000000000000000000e+00
0.000000000000000000e+00
0.000000000000000000e+00
0.000000000000000000e+00
0.000000000000000000e+00
0.000000000000000000e+00
0.000000000000000000e+00
0.000000000000000000e+00
0.000000000000000000e+00
0.000000000000000000e+00
0.000000000000000000e+00
0.000000000000000000e+00
0.000000000000000000e+00
0.000000000000000000e+00
0.000000000000000000e+00
0.000000000000000000e+00
0.000000000000000000e+00
0.000000000000000000e+00
0.000000000000000000e+00
0.000000000000000000e+00
0.000000000000000000e+00
0.000000000000000000e+00
-7.731171706384931674e-03
-1.014822013917255072e-01
1.398712056043358576e-01
1.233670723720753371e-01
-7.465922913431533026e-02
-1.660920096915446398e-01
-3.432096924118205328e-02
1.634657156817053147e-01
-2.355014223111890626e-01
-5.901233136598527107e-02
-1.667032285605324071e-01
3.858011048707976620e-02
-2.217335554768155581e-01
1.574985399096575645e-01
2.601155776378443751e-01
-2.217588721368171367e-01
2.203517141091859144e-01
1.182520785761335125e-01
-9.570300104230777816e-02
6.410867989406054956e-02
-2.298313061017263625e-01
-2.137101199292835152e-01
-3.526578874801239438e-02
2.156102714731251146e-01
2.533021931707230556e-01
-2.803740649099871751e-01
5.613859823071931654e-02
5.308844415398122907e-02
-1.734052666724494873e-01
-9.020903706206973016e-02
-1.538044868014802058e-01
-1.907531082056743432e-01
2.546222504806972542e-01
-2.305273198532878931e-01
1.017628078471427555e-02
5.964700269800227161e-02
-7.030309326083417076e-02
2.282216321198447528e-01
5.798123802590088305e-02
2.634493993790784638e-01
-1.597713808228610755e-01
2.592402043541600087e-01
1.131816212225605911e-01
-9.432696262998921388e-02
-9.459688232153884435e-02
-1.701500627479763106e-01
2.317454870160667313e-01
2.903242453607479123e-01
1.060845078041550704e-01
-2.271506026265106004e-01
2.141779421209485945e-01
2.921774226470663649e-03
-2.775349147784917370e-01
-2.055832142389314443e-01
2.360950521227909715e-01
-1.024809952466321228e-01
-2.806151494213210418e-02
-2.955342655087298542e-01
-2.137555003304292267e-02
-3.786166630464204985e-02
-2.310670794645236503e-02
2.935822534991852639e-01
-6.767535095359134001e-02
-2.341771239126181903e-01
-1.111001812761198970e-01
-1.389358626331907431e-01
1.690542996907122286e-01
2.790649802647970912e-02
-2.758456160847884142e-01
-2.705654262538939592e-01
-1.310820098040347270e-01
7.998922923743573277e-02
2.390339350195867518e-01
6.315443267148013184e-02
-1.768675186347548611e-01
-2.005940706502853665e-01
1.856963819835437124e-01
-2.857696361614231462e-02
2.884263018075006735e-01
-2.023879087140126320e-01
3.529938405374327681e-02
3.724573220277127561e-02
1.551856701267119165e-01
-1.287487715362043705e-01
-1.995945454970007304e-01
7.419968578021973737e-02
-1.597635021752994156e-01
-1.877698298104139019e-01
2.434174690488958848e-01
8.041328483759213608e-02
7.921172799548342747e-02
-1.617990633492500663e-01
1.220323423256546302e-01
-6.695724702797711814e-02
-2.659347231678099721e-03
3.832983232386988348e-02
1.718028950095852325e-01
-2.215506065391954771e-01
-1.787716332130517838e-01
-4.581648339117233570e-02
-3.000527535043538419e-01
3.927512021560719546e-02
1.589988708315231980e-01
1.498785473863941675e-01
-7.471342733705579886e-02
-1.501592183477181985e-01
3.768925343961143648e-02
1.782899631626572168e-01
1.358145534708309343e-01
3.213891353633269166e-02
-2.467097560419573288e-03
2.406303863392902920e-01
2.487444480550110582e-02
6.103184921526116913e-03
1.878843712892997453e-01
1.228978871967199571e-01
-2.192955384405711472e-01
-1.100043126069432942e-01
2.927586412772866242e-01
2.097348031954954783e-01
-3.323214121033002399e-02
7.904317361667245745e-02
7.993531615442600602e-02
2.303820992450193450e-01
2.241619706563235392e-01
1.742742493382669067e-01
-7.433680128850086999e-02
-1.919133957778606514e-01
1.399212829291772708e-01
-9.199549914075749735e-02
-2.328089400574218648e-01
2.566208374605256082e-01
-1.804458092904532851e-01
2.807213334156068441e-01
-1.167969034500069281e-01
2.962982871615701952e-01
-2.968069947022793365e-01
-1.265805146532900105e-02
-1.736996497225038183e-01
2.256875161891686576e-01
-2.106617892560226357e-01
2.751414181414361670e-01
-2.887305963169078948e-02
1.156849107346254457e-01
-2.228243205756220147e-01
-1.519805849664362107e-01
-2.190864661940740976e-01
9.820944817376514591e-02
-2.786056788685890573e-01
-2.959665168524635015e-01
2.897785501449107737e-01
6.405929655389108746e-03
-1.886504106835911188e-01
1.701856877157920112e-02
2.922320464285475539e-01
-7.902295119825197833e-02
-2.460092012603543599e-01
-2.303654698251652866e-01
-2.204814383311378134e-01
-2.549439138169301566e-01
2.791235306511891667e-01
-5.182009502451090377e-02
-3.702803577225277643e-02
2.003041237460816970e-01
-2.376786605697703281e-01
-5.645919602933527348e-02
-1.290122628246036796e-01
1.280129615403145515e-01
-1.691471442550240012e-01
-2.486658724213507421e-01
-3.665095457660094702e-02
4.499695596938096953e-02
2.659716962416496799e-01
-7.105589234347453598e-04
-2.773486532845599872e-01
-3.181160223798579212e-02
2.214505260959901967e-01
-2.440782185040497043e-01
-2.612078919822042877e-01
1.448341190993657768e-01
-2.846896394174324718e-01
2.959397364934103769e-01
2.436573147084742375e-01
4.807735349626651722e-02
3.484325051671471885e-02
-2.745136247447023670e-01
2.941663653599608241e-01
8.831617226550808608e-02
-2.323582124161472917e-01
2.848759586959734302e-01
-2.065462684464653420e-01
2.130786448374027420e-01
3.772856333742791168e-02
-3.737556226327887199e-02
1.954527930923647960e-01
2.597243540974408238e-01
-1.511317070469084811e-01
2.381524314678994947e-01
-2.693765583369539529e-02
1.650762121006095762e-01
-1.116649790714968338e-01
-7.477645701436291814e-02
-2.464068316951548987e-01
2.052769318330050496e-01
4.668400097105551705e-02
2.241725333039712442e-02
-2.213374269212233791e-01
-1.488536910125060619e-01
4.867307873512177752e-02
-1.918726674931580112e-01
2.198384397961795078e-01
2.533787260699149058e-01
3.979146594538468529e-02
-6.960084419343878781e-02
2.835938629284808221e-01
-6.931800586097031092e-02
2.287630306969772875e-01
-2.229297197647601703e-01
1.657638025238480362e-01
1.653330126258781285e-01
2.714585369357647160e-02
-2.481880258266731532e-01
1.110304238827647394e-02
-8.002184319172489513e-02
8.693417523364610489e-02
2.611658861485632865e-02
-1.178928675286851357e-01
2.091943593120676459e-02
-3.413682540306667290e-02
-2.373970216503344943e-01
2.769323387924171320e-01
-2.289262886535173291e-01
-2.344432713757926001e-01
8.807030550358541099e-02
-1.839488837578894254e-01
1.177294545445683460e-01
-1.876864173160694149e-01
-1.835866362319151235e-01
2.435507150043553781e-01
-1.307334626692884250e-01
-9.625455559555243235e-02
1.160819598388440621e-02
-2.358637014741606364e-01
1.701830524506940945e-01
2.164838813105953164e-01
6.946286733081208364e-02
-6.701281362092395555e-02
2.315856713941064071e-01
2.469760284681500884e-01
2.955758222552900549e-01
1.642335182254617276e-01
-1.227276418673705072e-01
-2.396894911720641175e-01
1.066221935507294383e-02
1.570723228921718229e-01
-2.934335135374796510e-01
2.559822958203544219e-01
-1.928337208015952764e-01
-1.904160133293453239e-02
1.563399296909784297e-01
6.758381889705639134e-02
-2.308808989377517107e-01
-5.499420807441035564e-02
2.504246505244182575e-01
-1.756108612076592301e-01
2.930021730935654101e-01
-3.512216947642082809e-02
5.616307397453446093e-03
2.324861245110602659e-01
-2.788991341413999958e-01
8.605860535129539191e-02
6.701710019302159482e-02
-3.007205283505415272e-01
-1.979885677702102331e-01
-2.850829383336009326e-01
-3.781262749431052450e-02
1.133504867980457687e-01
-1.116197100444970558e-01
-1.169636576593909849e-01
-2.863162862703683142e-02
2.505334963523017655e-01
1.573081687151565156e-01
7.360869936701153193e-03
9.887803759840751994e-02
-1.677160594824466666e-01
1.238726568135833372e-01
-2.905602408314930107e-01
-1.547974905050515659e-01
-2.850540271845773965e-01
1.276037563418975229e-01
2.826804279006949749e-01
2.301761716122133206e-01
1.350721120840858713e-01
-2.851866099624589257e-02
-1.523984646409086152e-01
1.037098264312205087e-01
-2.129048462200633374e-03
9.531909314753617135e-02
-2.961991247298981778e-01
8.175087417344117924e-02
2.566694583114385586e-01
-4.718558105466691410e-02
2.846436384389460783e-01
2.661386812945915059e-02
-1.612017840519551215e-01
8.345771501703691531e-02
-1.485360454637239258e-01
2.241138070538844507e-01
1.081774576785640152e-01
-1.101111643248252336e-01
9.151091544288164625e-02
2.001461566759055732e-01
2.992887005886225027e-01
-1.119881321663546148e-02
-1.195536508399109576e-01
2.564647551223299682e-01
2.651795798793422088e-01
-7.975321046349503895e-02
1.177658304768486319e-02
-1.638477412201488626e-01
1.538114180535030684e-01
7.211499104049140518e-02
4.478982521993213339e-02
-1.621825186016262743e-01
1.267531819282493588e-01
-1.237884934376338175e-01
-6.742108134552290966e-02
-1.218962218260917774e-01
3.034348316713863514e-01
-2.020254684732447625e-02
-2.162112705635562404e-01
-2.436292315665794517e-02
-2.429295355555393665e-01
-1.496558113881847896e-01
4.659533505151935984e-02
2.959512571949646786e-01
-3.048725424417838004e-01
-2.012194039207299001e-02
-1.194041112621386236e-01
-1.298622833050594727e-01
1.535150366280422229e-01
-7.952895292242040393e-02
2.329864977325398212e-01
-7.898222011632297090e-02
-9.507579003083307945e-02
1.106181625694029891e-01
-6.225056921570090718e-02
-1.492157086521708753e-01
2.130122694306997855e-01
-2.161819452585241608e-01
-1.925468537347970743e-01
-2.399488298384186979e-01
1.320348870569724165e-01
-2.268378144290627563e-01
-2.462913953466019934e-01
-1.245176572402723336e-01
1.784022423713789718e-01
-3.593804101429026732e-02
-2.204984237315589235e-01
2.344918581888449371e-01
1.146715780042432131e-01
-1.198880653668424612e-01
1.603083110962231772e-01
-1.832605762267969784e-01
-1.173578463704789410e-01
1.320953024346585569e-01
-1.037092860014944828e-01
1.395270656028168577e-01
1.447880685137925560e-02
-1.011343981400777414e-01
-1.788623772436822024e-01
-1.206120854044699930e-01
9.099291742632120705e-02
-5.940856318462620078e-02
-4.606194681560243920e-02
-3.222142305776670712e-02
1.443120557425137673e-01
1.197831566937307968e-01
-1.865419828401179425e-01
-9.392304274265061981e-02
-7.812476053895286987e-02
3.898509144894984901e-02
6.680093318788776768e-02
4.085443702811719646e-03
-2.165086190631751450e-01
-2.806661943763256728e-01
-9.687087572484173736e-02
-1.371246937028200719e-01
-2.239054094827968577e-01
-1.825872786796362279e-01
2.808085221256320652e-01
2.475857649220061796e-01
-1.841809806123362314e-02
2.418065738422335298e-01
1.382374554786503507e-01
1.056959844478310706e-01
-1.409898599827513477e-01
-2.919020670441275778e-01
1.972290143430299736e-02
1.604370742148710782e-01
1.925724573237579396e-01
-5.575950455358413826e-02
7.307843270907865563e-02
-2.537388649166662513e-01
-2.424806428283522719e-01
1.848832579505185758e-01
-6.552287081756022480e-02
1.818213254368925558e-01
-1.097650562410242558e-01
-8.248913514322497864e-03
5.098970097569588411e-02
-1.482983669073225097e-01
-7.877344333167057844e-03
-2.684881909197841532e-01
3.689846439242344678e-02
2.951357955592245896e-01
2.585379344405768776e-01
-5.505972264410047279e-02
-1.217740943816321975e-01
3.028492411012326246e-01
2.515481125401118345e-01
-2.113296082114071717e-01
-2.021505019987390184e-01
-2.521337484609748048e-01
-3.231354133608493884e-02
-1.653840732609607733e-01
-1.608589700018268898e-01
1.007094853396460765e-01
-1.101651536903530404e-01
-5.828605301082953605e-02
-2.263489156084974585e-02
1.947776377631249001e-01
-9.300057865572294857e-02
7.805104629278708517e-02
-2.088766161193800486e-01
2.866970082351021909e-01
-2.016495033540458004e-01
8.916908590935601620e-02
-2.436094390666241338e-01
2.213501376681955013e-01
-2.177445067802273315e-01
-2.323329441661013406e-01
1.926005856036273611e-01
3.644376387795378314e-02
-2.107444075834227215e-01
-1.763679436251664179e-01
-7.533227631196917629e-02
1.221342718617859924e-01
3.930991118488286196e-02
-2.061893948917283836e-01
7.216572415606048452e-02
1.447684087851097701e-01
-2.963450637949925914e-01
2.569790908326380907e-01
-2.223627697726100472e-01
1.901899521148824879e-01
5.538726825796441711e-02
2.394911311347772132e-01
1.498066918996387442e-01
8.183221968820580949e-02
9.400938335766384490e-02
-2.217814481848176256e-01
4.005658651518545499e-02
2.032185835511747807e-01
2.261415354545339151e-01
-1.396538332429378693e-01
-8.951405553671526460e-02
2.637544344786156292e-01
-9.070470138609409982e-02
-1.054812607638845323e-01
1.694266871385741169e-03
2.312522146377815058e-01
7.454829063990525695e-02
-1.408245986128089655e-01
-1.556418251963938848e-01
-8.691862832578778342e-03
1.816328815070841762e-01
-9.195404061896775283e-02
1.914355905613052133e-02
-2.567322642574122460e-01
-2.012497353457558258e-01
-4.106456303168454225e-02
-1.420997759521170356e-01
2.478513109330227060e-02
-9.495872012075889934e-02
-1.627180602982616076e-01
1.176975810756535901e-01
2.906058826386603289e-01
2.365943428035183760e-01
2.616493629996767267e-01
-2.890063640864931616e-01
-3.032240260884152550e-01
2.345739286223338937e-01
1.746357146662365634e-01
7.597788569570546047e-02
2.992699858929862011e-01
-6.933011352596091248e-02
-9.387403120496731757e-02
8.096245059160223079e-02
-2.452807790042374481e-01
1.599616573262242492e-01
-8.967460164554061364e-02
-3.001879205321076882e-01
1.901304051013485430e-01
1.090118680115938488e-01
2.367498958584108304e-01
2.690444635837960230e-01
1.493621592778026086e-01
-2.463382280492327492e-01
1.319936426495354476e-01
1.247334234033293243e-01
4.816367814084920873e-02
1.239218388704591556e-01
-2.008958639239166732e-02
2.701376585692545906e-01
-2.891659050645877804e-01
-2.522475168492064879e-01
-1.807204160306649654e-01
-7.006462231281043729e-02
1.408084426286768664e-01
2.996146610426231871e-01
2.256169368398887598e-01
6.632874063707072665e-02
-1.439463238586718707e-01
-2.415609988445830969e-01
9.866977707670421260e-04
-2.078791022967863000e-01
1.574515162055558082e-01
-6.068443712156992853e-02
9.991813824493861462e-02
-5.323204115144464232e-02
1.407135905852820446e-01
4.411487081077763994e-02
1.789230709538754960e-01
-2.454693282797235643e-01
-6.058233193213097278e-02
1.860181803425782210e-01
2.097771377689444661e-02
2.063452775139725248e-01
2.267251586923181850e-01
-7.360346767064887552e-02
1.522194692309316588e-01
-9.034238774226774349e-02
-3.049275550145837399e-01
2.130136302580130647e-01
-1.214348022512587166e-01
3.625133830121662903e-02
-2.789945423864370611e-01
-2.345631390714291720e-01
-7.990944836740357382e-02
3.008370293488877301e-01
-3.058377021744237978e-01
-6.031110166860975674e-02
-2.914518755604842970e-01
2.436117620398933759e-01
1.951227668541099525e-01
1.555223564925838908e-01
7.482463801101912892e-02
2.971968257360046439e-01
-8.878656504959353546e-02
-2.790630649016306863e-02
1.463981172364984817e-01
9.172561574843690613e-02
2.413054030210841083e-01
1.407614736669964839e-01
-2.098958519686444646e-03
-1.505647127142001052e-01
2.370131493997182370e-01
-7.895790629380114445e-02
1.654404695042572815e-01
-2.407407641375026441e-01
-8.017216215224304277e-02
-1.910563494357180314e-01
-1.058869635142192234e-01
1.141694465071170783e-01
-2.145566462680336128e-01
-4.640194068037600816e-02
-2.671098877003558192e-01
2.532045043913782600e-01
-1.762233938058303251e-01
-1.967898749344701159e-01
-1.746208834724178594e-01
1.878093069668914650e-01
1.631790101294269268e-01
-2.066416458954607183e-01
1.284886512150856253e-01
-1.197850318785405044e-01
1.808977376238939394e-01
-2.465307131881157576e-01
-6.990994697113769862e-02
2.987415888826137622e-01
-1.450116481178026495e-02
-2.877729144050465981e-01
9.161134870531512098e-02
-5.084782210282762227e-02
-1.691928395935362872e-01
-1.005553815115174665e-01
6.426659789500049902e-02
2.165784637733647600e-02
-2.684348409168130223e-02
-1.415868417958609793e-01
1.516851280195119500e-01
8.930823348997213307e-02
-3.726849423825939756e-02
-2.291373651984123239e-01
3.766809910010182616e-02
1.353753074028096748e-01
-4.566792553586301873e-02
-1.246072567038327139e-01
2.668476055935992686e-01
3.277450746982896179e-02
-1.229692853084920212e-01
-1.365259700532073239e-01
-2.910172062564835294e-01
-2.893535348005903396e-01
-1.532122447278495836e-01
-2.691200178991171033e-02
7.756063784416283857e-02
-1.257179967721799019e-01
5.473494536126466414e-02
1.364983238563951540e-01
-6.952726943445311503e-02
-4.409286065498957408e-02
6.196342596996201602e-02
2.628377234618378133e-01
2.539273661855652731e-01
-2.414614917350271783e-02
-2.661272698805804415e-01
-4.512662340374712366e-02
3.043003382449905314e-01
-2.649000886163265234e-01
-8.842326995336438622e-02
2.599947163108192183e-01
1.021579423373448758e-01
-1.694788263903279357e-01
-1.111262786713579365e-02
2.572126803971780951e-01
2.739449467290226425e-01
-1.364935561893068361e-01
5.571441462881704387e-02
-2.622137496185009686e-01
-2.379384235449416574e-01
3.916371212347730113e-02
-3.345137012053717163e-02
-1.284580479845655043e-01
-1.827428900464295181e-01
-1.090759115836013315e-01
-1.813728059345790511e-01
-2.603228712750554896e-01
1.256490324702055350e-01
9.142595867830261014e-02
5.508913006238563836e-02
1.545029532081410029e-03
2.179644602186403546e-02
1.707189207372783457e-04
1.140376244542334883e-02
-6.696899110075155148e-02
-2.685895846379227070e-01
1.965790041837700008e-01
-2.729764109330066746e-01
-2.233442945742208641e-01
-7.236713686736734319e-02
2.046050323130105819e-01
-3.195500242262172552e-03
1.136676434519026113e-01
-2.698068280078239622e-01
-1.284256886253087870e-01
1.568930091181968134e-01
3.348915499763771564e-02
-2.414698143886764015e-01
-1.493055148018978817e-01
-2.550653423981464329e-01
1.315434877074877495e-01
-8.591197283171536636e-02
1.419570336322825144e-01
3.051623564915570408e-01
-1.047498118587064653e-04
1.514490489681222796e-01
1.052764837415470778e-01
2.713422060847254236e-01
3.033402142695163506e-01
1.396952159869940813e-01
-1.665963234000595039e-01
-2.156034466532800176e-01
-8.054402122717407853e-02
-1.766170394535349075e-01
2.595706823810071673e-01
-1.567990959566535059e-01
3.794005046055048957e-02
-1.839450493829384858e-01
-1.201231253673737953e-01
1.578141102289568054e-01
1.523100254502661177e-01
-1.579001378332079986e-01
-2.247610976974450947e-01
1.885039356688585910e-01
1.075237774295244031e-01
2.769711484679112101e-01
-2.412107178216146841e-01
5.496103564899212923e-02
5.250565234656634495e-02
1.843707808050700780e-01
-1.213439054755275359e-01
2.151019067499775894e-01
1.783517342389895899e-01
-1.758413941966067706e-01
1.991888434323652035e-02
-6.641050248333260630e-02
-1.838283005442275519e-01
2.576060666357501971e-01
5.583309141939762910e-02
1.127189339268617196e-01
1.418497010252013357e-01
-1.528910791652154932e-02
1.065443995476457739e-01
-1.810410975129893296e-01
2.700119871441078456e-01
1.661581830376551716e-01
-1.115343330720101056e-01
-6.467565448431575326e-02
-2.879446528654392434e-01
1.260187321501063940e-01
6.944393678427235317e-02
-2.102692261104595062e-01
1.966991810400166574e-01
-1.673569552823857554e-01
1.815672813622395965e-01
2.368327371193146846e-01
1.450996811423730382e-01
-2.798869594803776728e-02
-3.366054853100763911e-02
-2.544790849724237192e-01
-1.967188772533787211e-01
-4.285824561930773324e-02
2.445428359375061977e-01
-1.869477806187853364e-01
-2.286412548254799781e-01
-6.845211438943313298e-02
-6.795933473701998295e-03
-2.584568885994749654e-01
-2.162347951472816665e-01
1.604997840298979517e-01
-5.852429592383912027e-03
-1.895846830125131610e-01
-1.648047760502013848e-02
-2.594371014816694299e-01
-1.909797709729238457e-02
2.095134114205932652e-01
-2.229550994056705981e-02
2.593745088507165009e-01
3.797284018632079983e-02
-1.296072508045619243e-01
-2.739411810158428606e-01
-2.152252145144136763e-01
-2.300698219782205123e-01
-2.257998105523295884e-01
-2.264853197452215694e-02
-1.652900359084769066e-02
2.624269849067828453e-03
-5.933253394055948426e-02
4.825600512288952260e-02
1.654761333275284185e-02
-4.037182461151028745e-02
8.919264291622092111e-02
1.467571621315274522e-01
1.332377148119599508e-01
-2.431524404989609534e-01
2.431263756148627775e-01
-1.613463946780142322e-01
-7.082288611973241998e-03
1.789538450775540745e-01
1.080157834307228226e-01
-2.218519055056954181e-01
2.060229047293373195e-01
-6.446057219699155572e-02
1.439177056474048033e-01
-4.248641332348501720e-02
2.408329970278290655e-01
-6.991719154905359779e-02
-7.958303063604343919e-02
-6.633089680384815501e-02
-9.771657672817837814e-02
3.079962228137067548e-02
-2.903748306380705690e-01
-2.447798280254009917e-02
-1.222731852470791136e-01
-8.192035255987337172e-02
-2.569895351132111538e-01
1.973317659379507094e-01
5.522281885234420207e-02
1.988021517741444533e-01
-1.296433040097555445e-01
-7.560199523831634405e-03
-1.786452073556256126e-01
2.069146440540580723e-01
2.379850217906929744e-01
4.745675683457628580e-02
2.151523029124204345e-01
2.967249005643253779e-01
1.835311563559839931e-01
-1.788887889010476462e-02
-2.380168237931958308e-01
1.869284970926295975e-01
5.116420360323620242e-02
-2.701418874045942164e-01
1.836925097194512246e-01
1.014899144309487911e-01
-1.665605400553472060e-01
3.052499887058489070e-01
-1.470072433750557739e-01
1.668833233491943124e-01
-1.249962961485884816e-01
1.708517132543579953e-01
4.018528579751767804e-02
-1.931770458775088906e-01
2.658132460100318117e-01
3.238431301752442426e-03
-1.717823088803043796e-01
5.744305201824678742e-02
-3.716869402433309322e-02
-1.248758587685846466e-01
8.459583995027514236e-02
-3.011349217592524941e-01
-1.459519461794018813e-01
8.717887105896854338e-02
9.635827632720955771e-02
-8.715099532089409795e-02
-2.890895068633786424e-02
8.281648274712077873e-02
-2.685597141376633856e-01
1.943965905207096223e-01
-1.812515395759642933e-01
7.509702084677200018e-02
2.508713366459774941e-02
5.662182475024768458e-02
-1.601521289850834362e-01
-2.143595554371649781e-01
-9.669813536017221600e-02
9.387796249559710038e-02
-2.710011518188524260e-01
-2.750990980538731701e-01
1.723794512499886578e-01
2.805160221782564967e-01
-8.719274789631650813e-02
-2.431020880803483053e-01
-1.689230061724233956e-02
-3.007078243813813834e-01
-4.678184000276475185e-03
-9.007096810613196558e-02
2.737188566244171395e-01
-2.604538699621337106e-01
2.199627598785597882e-01
3.014836927060766114e-01
5.468681038823319795e-02
-1.937763602012188557e-01
-2.948875591547507891e-01
1.749532843651571135e-01
1.498358281025269356e-01
-3.642958340666524464e-03
-8.130728633569672681e-02
-1.747276147249679501e-01
-2.166534353141725544e-01
-2.179725594869674210e-01
1.899436448340914851e-01
-1.925818643204353364e-01
-3.595984725367501467e-02
-1.687280149520430927e-01
2.426335356516287622e-01
-1.454452581086926599e-01
-2.618752492062728088e-01
-8.051437787335524732e-03
-1.260219269116237550e-01
1.766518805769233258e-01
2.724544806680079811e-01
-3.058344834345783081e-01
2.280879820065362940e-01
2.862242546117989561e-01
3.268991380325547702e-03
3.871311273707289669e-02
-6.799680654705231309e-02
-1.862999269881930042e-01
-2.146076893895741966e-01
-2.048537674298096523e-01
1.517860908814172571e-03
-6.844880837744704571e-02
4.686728743776624739e-02
-2.912310230194386507e-01
2.713806550541009721e-01
-2.342686665388538647e-01
2.834389738249599167e-01
2.360743896108321027e-01
-2.739594525476300446e-01
-9.651235653999973296e-02
8.892462539129475374e-02
2.316268859456189211e-01
8.551072619418675913e-03
2.932377120590348718e-01
1.691900080560181374e-01
2.054690518592791615e-01
2.463863266561402976e-01
2.411170587127813847e-01
2.202959707398804978e-02
2.843564352398524897e-01
2.670289024229520192e-01
-1.998187908140564018e-01
-2.073682605898756193e-01
-2.035797102695316163e-01
-3.465408989999180234e-02
1.642080514775945965e-01
2.897168096523466962e-02
-1.617824807624787253e-01
2.025492296541359094e-02
2.156544621818742846e-01
9.925915087596232089e-02
1.740826056444596537e-01
-2.307527655767512842e-01
1.149155882123029659e-01
7.735953938432255095e-02
-3.012209449203562261e-02
3.043426733958847774e-01
-2.267308257603005694e-01
-1.853286124551050684e-01
-2.412493061933906890e-02
-2.008157918104096495e-01
1.369855461317079914e-01
5.007626366097639448e-02
1.349389641604176182e-01
2.342479641568628312e-01
-2.475233149674463673e-01
4.178712188278382866e-02
-1.274863616661475740e-02
5.481351530576833442e-02
-1.880980277601321249e-01
2.526773014701927944e-01
-2.990926881408028648e-01
-1.960560128811308367e-01
-2.852518592095946715e-01
3.241451388638794118e-02
-2.174691147828003990e-01
-1.665878860306498621e-01
-7.561471365878047468e-02
6.576913636639925009e-03
2.353669484452665661e-01
-7.406807647275465145e-02
-2.706023958205680535e-01
2.548628414262664177e-01
-1.897598268529790966e-01
-1.200533473931988393e-01
5.448538664013047317e-02
-2.493590165512148960e-01
1.470265692195953933e-01
2.335838250584351683e-01
-4.109432941016022411e-02
1.003252465806423466e-01
-1.113105862486652442e-01
2.767545280218852155e-01
2.251374103471895372e-01
2.467569577543514137e-01
-8.684776894098467093e-03
-3.174263853126912949e-03
-4.800159815599314150e-02
1.261746306531462691e-01
-1.868815381854715962e-02
-1.063489006999197850e-01
-1.309875078367966628e-01
1.705763218537826864e-01
3.054230922934798031e-01
-1.281344283277515705e-01
-3.037821602694186773e-01
1.021675403032534790e-02
-9.632735260995300974e-02
8.506375966475682171e-02
-1.243451193791356157e-02
8.355926673578012442e-02
-9.725056703239878808e-02
-8.969417359185924421e-02
2.021802498852033891e-01
5.651438464681202145e-02
-2.564672035704982922e-01
-2.547429080071587637e-01
1.617218520288670747e-01
-1.130941327829075027e-01
-2.826448711445782580e-01
-4.175262459736428511e-03
-2.997602359054746257e-01
-2.493866460287778031e-01
2.868651879801935034e-01
-6.744381070338509310e-02
-2.780163291217613297e-01
-1.019490222303742755e-05
2.855136880860618676e-01
-2.926895721633329672e-01
-2.217007883675748137e-01
-1.113520731137931929e-01
-8.830007664539166190e-02
1.994663358668074538e-01
4.253817948579435848e-02
9.095535215032979348e-02
1.217432457096283005e-01
2.435864506314810440e-01
6.863532331725763491e-03
2.527788784683489554e-01
-2.685002545764619830e-01
-2.829471162721185484e-01
-5.091327781183313528e-02
2.695135975417025098e-01
-2.904947159912141808e-01
2.607823005238654734e-01
1.202685120536961527e-01
-1.198665501940080758e-01
1.768220983745741881e-01
2.776666016930189884e-01
1.182474264451826573e-01
1.301029892469171556e-01
-1.357441723029280123e-01
1.819925644084256500e-01
7.990055208277102583e-02
1.407689011423779446e-01
-2.299601298905834534e-02
1.503319987219717269e-01
2.670174890761286002e-01
7.211122454183932495e-02
8.213840588870036097e-02
2.258606016577525133e-01
0.000000000000000000e+00
0.000000000000000000e+00
0.000000000000000000e+00
0.000000000000000000e+00
0.000000000000000000e+00
0.000000000000000000e+00
0.000000000000000000e+00
0.000000000000000000e+00
0.000000000000000000e+00
0.000000000000000000e+00
0.000000000000000000e+00
0.000000000000000000e+00
0.000000000000000000e+00
0.000000000000000000e+00
0.000000000000000000e+00
0.000000000000000000e+00
0.000000000000000000e+00
0.000000000000000000e+00
0.000000000000000000e+00
0.000000000000000000e+00
0.000000000000000000e+00
0.000000000000000000e+00
0.000000000000000000e+00
0.000000000000000000e+00
0.000000000000000000e+00
0.000000000000000000e+00
0.000000000000000000e+00
0.000000000000000000e+00
0.000000000000000000e+00
0.000000000000000000e+00
0.000000000000000000e+00
0.000000000000000000e+00
3.157478174278633976e-01
4.173829372008801553e-01
4.796091692827569863e-02
-9.159638819447640801e-02
3.958003654448710718e-01
-1.500954434012131689e-01
1.149957406287869244e-01
1.064278329389839461e-01
2.620776665271091765e-01
2.557562096529757412e-01
2.997015529724442739e-01
-3.679447883557284693e-01
-8.072997058959341388e-02
3.238432815364085116e-01
-3.370663969527989412e-01
3.208015564638116990e-01
-2.161619424135006462e-01
-4.080991609638867090e-01
3.412015157316338199e-01
-2.542866642700893909e-01
3.609191171164942702e-01
4.380166642860416903e-02
2.842658639079407301e-01
3.713977581316421084e-01
-1.948088637526038669e-01
-3.502484966898204433e-01
3.733895943678992024e-01
2.345930773189784935e-01
1.157818286568381705e-01
2.111616996820673275e-01
-6.659334792174553819e-02
-3.635046121588321744e-01
-4.180929907776058663e-01
-9.291808448499472295e-03
-1.125184116002563850e-01
3.795428762038415282e-01
-5.276615682097934856e-02
3.201469917920254371e-01
-1.739159013855064995e-01
-2.726332428496131000e-02
1.336720136942093351e-02
-1.470195203786196503e-01
-9.874791725988990576e-02
1.644202570172758060e-01
-3.476004705565406971e-01
3.610315532943991768e-01
3.661689858848790058e-01
-3.642899491213228980e-01
3.566883150499038369e-01
-3.978077661934140696e-01
-1.467496196906106776e-01
1.660692059736634807e-02
-3.028987200390216294e-01
-3.827182872393419810e-03
5.802488057902432939e-02
-9.810893151286909086e-02
-2.377593462315657491e-01
-3.834954596554345230e-01
3.849636348946826603e-01
1.702819598179327043e-01
-2.544194674497318731e-02
-3.754982143197009847e-01
-1.999352593557029711e-01
2.052203471508702304e-01
0.000000000000000000e+00
0.000000000000000000e+00
0.000000000000000000e+00
0.000000000000000000e+00
