1.504215958441824652e-01
-2.010065401665608320e-01
5.344846805888632257e-01
5.379284740961574052e-01
2.759791105191685689e-01
-2.527874100037743044e-01
5.497843722574078384e-01
-2.360430354910296735e-01
2.616211349170594058e-01
6.902505222397494755e-01
3.397859594627148372e-01
6.123181753067015176e-01
-1.445678036892130702e-01
1.643192290680346446e-01
-4.714111647101725255e-01
-1.236184283125738581e-01
-4.415366652722571561e-01
-2.324680166454511365e-01
6.655743742260149531e-01
-2.094050689057280756e-01
3.985875403632377356e-02
-4.858559898867959581e-01
1.824749420801173860e-01
-5.318203147037231515e-01
4.105978725364591853e-01
3.361501011789767013e-01
7.975627838993126772e-02
-5.176861340320225713e-01
-5.742378913576795529e-01
4.848071938230866795e-01
-1.448021972022839332e-02
7.834837076490275276e-02
0.000000000000000000e+00
0.000000000000000000e+00
0.000000000000000000e+00
0.000000000000000000e+00
0.000000000000000000e+00
0.000000000000000000e+00
0.000000000000000000e+00
0.000000000000000000e+00
8.076441420987842124e-01
-1.126370938879123207e-01
5.908212178641168988e-01
-2.205822228451156386e-01
-4.312487256078882947e-01
-7.206105875887003354e-01
-5.198521530756975428e-01
-7.366905183095571186e-01
0.000000000000000000e+00
0.000000000000000000e+00
